LocusID	Species	N_individuals	AlnSeqLength	N_sites_noN	AvgSeqLg_noN	N_SNPsBi	N_SNPs_Mult	GC_content	NbRec	SNP_coverage
Locus1	set_88	4	600	600	600	74	0	0.039	2	1.0
Locus2	set_88	4	600	600	600	69	0	0.049	3	1.0
Locus3	set_88	4	600	600	600	72	0	0.043	5	1.0
Locus4	set_88	4	600	600	600	68	0	0.053	1	1.0
Locus5	set_88	4	600	600	600	69	0	0.038	3	1.0
Locus6	set_88	4	600	600	600	72	0	0.041	5	1.0
Locus7	set_88	4	600	600	600	71	0	0.039	5	1.0
Locus8	set_88	4	600	600	600	69	0	0.038	5	1.0
Locus9	set_88	4	600	600	600	72	0	0.041	3	1.0
Locus10	set_88	4	600	600	600	70	0	0.043	6	1.0
Locus11	set_88	4	600	600	600	66	0	0.049	5	1.0
Locus12	set_88	4	600	600	600	72	0	0.047	3	1.0
Locus13	set_88	4	600	600	600	72	0	0.046	3	1.0
Locus14	set_88	4	600	600	600	71	0	0.049	2	1.0
Locus15	set_88	4	600	600	600	72	0	0.033	3	1.0
Locus16	set_88	4	600	600	600	64	0	0.039	6	1.0
Locus17	set_88	4	600	600	600	67	0	0.035	9	1.0
Locus18	set_88	4	600	600	600	72	0	0.045	6	1.0
Locus19	set_88	4	600	600	600	67	0	0.040	2	1.0
Locus20	set_88	4	600	600	600	71	0	0.045	2	1.0
Locus21	set_88	4	600	600	600	67	0	0.042	2	1.0
Locus22	set_88	4	600	600	600	64	0	0.043	6	1.0
Locus23	set_88	4	600	600	600	70	0	0.043	4	1.0
Locus24	set_88	4	600	600	600	66	0	0.043	4	1.0
Locus25	set_88	4	600	600	600	69	0	0.037	5	1.0
Locus26	set_88	4	600	600	600	70	0	0.042	1	1.0
Locus27	set_88	4	600	600	600	67	0	0.033	2	1.0
Locus28	set_88	4	600	600	600	69	0	0.046	3	1.0
Locus29	set_88	4	600	600	600	69	0	0.045	5	1.0
Locus30	set_88	4	600	600	600	71	0	0.038	5	1.0
Locus31	set_88	4	600	600	600	72	0	0.041	6	1.0
Locus32	set_88	4	600	600	600	71	0	0.041	4	1.0
Locus33	set_88	4	600	600	600	69	0	0.040	3	1.0
Locus34	set_88	4	600	600	600	68	0	0.039	3	1.0
Locus35	set_88	4	600	600	600	68	0	0.035	3	1.0
Locus36	set_88	4	600	600	600	64	0	0.032	5	1.0
Locus37	set_88	4	600	600	600	67	0	0.044	2	1.0
Locus38	set_88	4	600	600	600	67	0	0.043	1	1.0
Locus39	set_88	4	600	600	600	67	0	0.036	4	1.0
Locus40	set_88	4	600	600	600	71	0	0.046	1	1.0
Locus41	set_88	4	600	600	600	69	0	0.044	5	1.0
Locus42	set_88	4	600	600	600	64	0	0.035	4	1.0
Locus43	set_88	4	600	600	600	67	0	0.047	7	1.0
Locus44	set_88	4	600	600	600	72	0	0.046	4	1.0
Locus45	set_88	4	600	600	600	69	0	0.040	3	1.0
Locus46	set_88	4	600	600	600	71	0	0.035	3	1.0
Locus47	set_88	4	600	600	600	67	0	0.041	5	1.0
Locus48	set_88	4	600	600	600	72	0	0.043	3	1.0
Locus49	set_88	4	600	600	600	73	0	0.034	4	1.0
Locus50	set_88	4	600	600	600	73	0	0.041	4	1.0
Locus51	set_88	4	600	600	600	73	0	0.043	7	1.0
Locus52	set_88	4	600	600	600	72	0	0.045	4	1.0
Locus53	set_88	4	600	600	600	68	0	0.050	5	1.0
Locus54	set_88	4	600	600	600	73	0	0.040	3	1.0
Locus55	set_88	4	600	600	600	71	0	0.037	4	1.0
Locus56	set_88	4	600	600	600	70	0	0.042	2	1.0
Locus57	set_88	4	600	600	600	69	0	0.040	5	1.0
Locus58	set_88	4	600	600	600	67	0	0.040	2	1.0
Locus59	set_88	4	600	600	600	72	0	0.043	4	1.0
Locus60	set_88	4	600	600	600	63	0	0.037	3	1.0
Locus61	set_88	4	600	600	600	71	0	0.033	6	1.0
Locus62	set_88	4	600	600	600	75	0	0.050	0	1.0
Locus63	set_88	4	600	600	600	67	0	0.042	4	1.0
Locus64	set_88	4	600	600	600	68	0	0.042	6	1.0
Locus65	set_88	4	600	600	600	73	0	0.039	5	1.0
Locus66	set_88	4	600	600	600	69	0	0.038	3	1.0
Locus67	set_88	4	600	600	600	72	0	0.032	0	1.0
Locus68	set_88	4	600	600	600	69	0	0.034	5	1.0
Locus69	set_88	4	600	600	600	64	0	0.049	0	1.0
Locus70	set_88	4	600	600	600	69	0	0.043	6	1.0
Locus71	set_88	4	600	600	600	68	0	0.039	2	1.0
Locus72	set_88	4	600	600	600	68	0	0.039	5	1.0
Locus73	set_88	4	600	600	600	67	0	0.040	4	1.0
Locus74	set_88	4	600	600	600	71	0	0.037	1	1.0
Locus75	set_88	4	600	600	600	68	0	0.039	5	1.0
Locus76	set_88	4	600	600	600	71	0	0.035	5	1.0
Locus77	set_88	4	600	600	600	68	0	0.049	4	1.0
Locus78	set_88	4	600	600	600	73	0	0.043	4	1.0
Locus79	set_88	4	600	600	600	70	0	0.033	7	1.0
Locus80	set_88	4	600	600	600	70	0	0.037	2	1.0
Locus81	set_88	4	600	600	600	66	0	0.044	2	1.0
Locus82	set_88	4	600	600	600	72	0	0.041	3	1.0
Locus83	set_88	4	600	600	600	66	0	0.039	4	1.0
Locus84	set_88	4	600	600	600	64	0	0.037	3	1.0
Locus85	set_88	4	600	600	600	67	0	0.044	4	1.0
Locus86	set_88	4	600	600	600	72	0	0.035	6	1.0
Locus87	set_88	4	600	600	600	71	0	0.041	1	1.0
Locus88	set_88	4	600	600	600	67	0	0.051	0	1.0
Locus89	set_88	4	600	600	600	67	0	0.043	4	1.0
Locus90	set_88	4	600	600	600	72	0	0.044	4	1.0
Locus91	set_88	4	600	600	600	69	0	0.035	4	1.0
Locus92	set_88	4	600	600	600	68	0	0.044	2	1.0
Locus93	set_88	4	600	600	600	68	0	0.039	8	1.0
Locus94	set_88	4	600	600	600	69	0	0.038	3	1.0
Locus95	set_88	4	600	600	600	70	0	0.040	4	1.0
Locus96	set_88	4	600	600	600	67	0	0.039	3	1.0
Locus97	set_88	4	600	600	600	68	0	0.044	6	1.0
Locus98	set_88	4	600	600	600	64	0	0.044	4	1.0
Locus99	set_88	4	600	600	600	70	0	0.039	6	1.0
Locus100	set_88	4	600	600	600	66	0	0.041	3	1.0
Locus101	set_88	4	600	600	600	71	0	0.041	5	1.0
Locus102	set_88	4	600	600	600	67	0	0.037	3	1.0
Locus103	set_88	4	600	600	600	67	0	0.038	3	1.0
Locus104	set_88	4	600	600	600	69	0	0.042	6	1.0
Locus105	set_88	4	600	600	600	69	0	0.040	4	1.0
Locus106	set_88	4	600	600	600	72	0	0.045	4	1.0
Locus107	set_88	4	600	600	600	73	0	0.034	5	1.0
Locus108	set_88	4	600	600	600	64	0	0.037	2	1.0
Locus109	set_88	4	600	600	600	72	0	0.051	4	1.0
Locus110	set_88	4	600	600	600	69	0	0.040	4	1.0
Locus111	set_88	4	600	600	600	68	0	0.048	2	1.0
Locus112	set_88	4	600	600	600	68	0	0.041	8	1.0
Locus113	set_88	4	600	600	600	68	0	0.042	6	1.0
Locus114	set_88	4	600	600	600	71	0	0.035	3	1.0
Locus115	set_88	4	600	600	600	73	0	0.044	3	1.0
Locus116	set_88	4	600	600	600	69	0	0.038	1	1.0
Locus117	set_88	4	600	600	600	63	0	0.044	4	1.0
Locus118	set_88	4	600	600	600	61	0	0.045	3	1.0
Locus119	set_88	4	600	600	600	61	0	0.044	2	1.0
Locus120	set_88	4	600	600	600	68	0	0.043	7	1.0
Locus121	set_88	4	600	600	600	70	0	0.038	5	1.0
Locus122	set_88	4	600	600	600	65	0	0.039	3	1.0
Locus123	set_88	4	600	600	600	64	0	0.048	2	1.0
Locus124	set_88	4	600	600	600	69	0	0.049	1	1.0
Locus125	set_88	4	600	600	600	66	0	0.044	3	1.0
Locus126	set_88	4	600	600	600	69	0	0.052	2	1.0
Locus127	set_88	4	600	600	600	70	0	0.046	4	1.0
Locus128	set_88	4	600	600	600	63	0	0.041	1	1.0
Locus129	set_88	4	600	600	600	69	0	0.044	1	1.0
Locus130	set_88	4	600	600	600	68	0	0.044	3	1.0
Locus131	set_88	4	600	600	600	71	0	0.041	5	1.0
Locus132	set_88	4	600	600	600	72	0	0.039	5	1.0
Locus133	set_88	4	600	600	600	64	0	0.030	1	1.0
Locus134	set_88	4	600	600	600	69	0	0.034	5	1.0
Locus135	set_88	4	600	600	600	70	0	0.043	3	1.0
Locus136	set_88	4	600	600	600	68	0	0.045	1	1.0
Locus137	set_88	4	600	600	600	70	0	0.037	3	1.0
Locus138	set_88	4	600	600	600	70	0	0.043	3	1.0
Locus139	set_88	4	600	600	600	70	0	0.046	2	1.0
Locus140	set_88	4	600	600	600	70	0	0.041	3	1.0
Locus141	set_88	4	600	600	600	72	0	0.040	3	1.0
Locus142	set_88	4	600	600	600	71	0	0.040	6	1.0
Locus143	set_88	4	600	600	600	67	0	0.037	7	1.0
Locus144	set_88	4	600	600	600	67	0	0.044	3	1.0
Locus145	set_88	4	600	600	600	66	0	0.036	3	1.0
Locus146	set_88	4	600	600	600	70	0	0.048	3	1.0
Locus147	set_88	4	600	600	600	69	0	0.043	3	1.0
Locus148	set_88	4	600	600	600	71	0	0.038	2	1.0
Locus149	set_88	4	600	600	600	74	0	0.051	2	1.0
Locus150	set_88	4	600	600	600	73	0	0.039	4	1.0
Locus151	set_88	4	600	600	600	70	0	0.037	5	1.0
Locus152	set_88	4	600	600	600	75	0	0.042	3	1.0
Locus153	set_88	4	600	600	600	71	0	0.035	6	1.0
Locus154	set_88	4	600	600	600	70	0	0.039	1	1.0
Locus155	set_88	4	600	600	600	71	0	0.037	4	1.0
Locus156	set_88	4	600	600	600	68	0	0.042	4	1.0
Locus157	set_88	4	600	600	600	66	0	0.036	2	1.0
Locus158	set_88	4	600	600	600	72	0	0.043	3	1.0
Locus159	set_88	4	600	600	600	67	0	0.040	7	1.0
Locus160	set_88	4	600	600	600	69	0	0.043	6	1.0
Locus161	set_88	4	600	600	600	71	0	0.044	4	1.0
Locus162	set_88	4	600	600	600	70	0	0.044	7	1.0
Locus163	set_88	4	600	600	600	73	0	0.049	1	1.0
Locus164	set_88	4	600	600	600	68	0	0.045	2	1.0
Locus165	set_88	4	600	600	600	72	0	0.038	2	1.0
Locus166	set_88	4	600	600	600	67	0	0.033	5	1.0
Locus167	set_88	4	600	600	600	71	0	0.041	0	1.0
Locus168	set_88	4	600	600	600	70	0	0.040	5	1.0
Locus169	set_88	4	600	600	600	70	0	0.051	6	1.0
Locus170	set_88	4	600	600	600	65	0	0.045	9	1.0
Locus171	set_88	4	600	600	600	68	0	0.044	6	1.0
Locus172	set_88	4	600	600	600	70	0	0.038	3	1.0
Locus173	set_88	4	600	600	600	66	0	0.039	2	1.0
Locus174	set_88	4	600	600	600	73	0	0.035	6	1.0
Locus175	set_88	4	600	600	600	71	0	0.048	4	1.0
Locus176	set_88	4	600	600	600	72	0	0.044	5	1.0
Locus177	set_88	4	600	600	600	70	0	0.041	5	1.0
Locus178	set_88	4	600	600	600	69	0	0.037	6	1.0
Locus179	set_88	4	600	600	600	62	0	0.036	4	1.0
Locus180	set_88	4	600	600	600	68	0	0.041	6	1.0
Locus181	set_88	4	600	600	600	67	0	0.044	6	1.0
Locus182	set_88	4	600	600	600	73	0	0.044	2	1.0
Locus183	set_88	4	600	600	600	67	0	0.042	3	1.0
Locus184	set_88	4	600	600	600	66	0	0.050	4	1.0
Locus185	set_88	4	600	600	600	68	0	0.043	1	1.0
Locus186	set_88	4	600	600	600	65	0	0.044	3	1.0
Locus187	set_88	4	600	600	600	68	0	0.044	2	1.0
Locus188	set_88	4	600	600	600	65	0	0.039	4	1.0
Locus189	set_88	4	600	600	600	73	0	0.042	7	1.0
Locus190	set_88	4	600	600	600	70	0	0.038	5	1.0
Locus191	set_88	4	600	600	600	70	0	0.042	2	1.0
Locus192	set_88	4	600	600	600	69	0	0.047	2	1.0
Locus193	set_88	4	600	600	600	65	0	0.039	6	1.0
Locus194	set_88	4	600	600	600	70	0	0.041	2	1.0
Locus195	set_88	4	600	600	600	70	0	0.047	3	1.0
Locus196	set_88	4	600	600	600	71	0	0.041	3	1.0
Locus197	set_88	4	600	600	600	72	0	0.043	2	1.0
Locus198	set_88	4	600	600	600	69	0	0.027	6	1.0
Locus199	set_88	4	600	600	600	69	0	0.038	4	1.0
Locus200	set_88	4	600	600	600	70	0	0.042	5	1.0
Locus201	set_88	4	600	600	600	70	0	0.034	2	1.0
Locus202	set_88	4	600	600	600	64	0	0.045	1	1.0
Locus203	set_88	4	600	600	600	71	0	0.031	4	1.0
Locus204	set_88	4	600	600	600	73	0	0.035	6	1.0
Locus205	set_88	4	600	600	600	71	0	0.046	3	1.0
Locus206	set_88	4	600	600	600	71	0	0.037	3	1.0
Locus207	set_88	4	600	600	600	69	0	0.035	1	1.0
Locus208	set_88	4	600	600	600	67	0	0.042	3	1.0
Locus209	set_88	4	600	600	600	70	0	0.043	2	1.0
Locus210	set_88	4	600	600	600	71	0	0.039	4	1.0
Locus211	set_88	4	600	600	600	69	0	0.045	5	1.0
Locus212	set_88	4	600	600	600	72	0	0.043	2	1.0
Locus213	set_88	4	600	600	600	67	0	0.044	0	1.0
Locus214	set_88	4	600	600	600	69	0	0.037	5	1.0
Locus215	set_88	4	600	600	600	66	0	0.035	NA	1.0
Locus216	set_88	4	600	600	600	71	0	0.037	2	1.0
Locus217	set_88	4	600	600	600	69	0	0.042	4	1.0
Locus218	set_88	4	600	600	600	74	0	0.040	6	1.0
Locus219	set_88	4	600	600	600	72	0	0.032	3	1.0
Locus220	set_88	4	600	600	600	71	0	0.046	4	1.0
Locus221	set_88	4	600	600	600	67	0	0.047	2	1.0
Locus222	set_88	4	600	600	600	70	0	0.047	3	1.0
Locus223	set_88	4	600	600	600	71	0	0.037	5	1.0
Locus224	set_88	4	600	600	600	68	0	0.042	3	1.0
Locus225	set_88	4	600	600	600	66	0	0.040	1	1.0
Locus226	set_88	4	600	600	600	69	0	0.037	3	1.0
Locus227	set_88	4	600	600	600	71	0	0.040	3	1.0
Locus228	set_88	4	600	600	600	70	0	0.039	5	1.0
Locus229	set_88	4	600	600	600	69	0	0.043	4	1.0
Locus230	set_88	4	600	600	600	68	0	0.052	4	1.0
Locus231	set_88	4	600	600	600	68	0	0.045	2	1.0
Locus232	set_88	4	600	600	600	66	0	0.043	5	1.0
Locus233	set_88	4	600	600	600	69	0	0.032	5	1.0
Locus234	set_88	4	600	600	600	69	0	0.038	1	1.0
Locus235	set_88	4	600	600	600	66	0	0.043	5	1.0
Locus236	set_88	4	600	600	600	69	0	0.040	6	1.0
Locus237	set_88	4	600	600	600	69	0	0.048	4	1.0
Locus238	set_88	4	600	600	600	70	0	0.051	2	1.0
Locus239	set_88	4	600	600	600	70	0	0.040	6	1.0
Locus240	set_88	4	600	600	600	71	0	0.035	5	1.0
Locus241	set_88	4	600	600	600	67	0	0.044	2	1.0
Locus242	set_88	4	600	600	600	73	0	0.035	4	1.0
Locus243	set_88	4	600	600	600	70	0	0.044	4	1.0
Locus244	set_88	4	600	600	600	71	0	0.038	5	1.0
Locus245	set_88	4	600	600	600	72	0	0.044	5	1.0
Locus246	set_88	4	600	600	600	71	0	0.047	2	1.0
Locus247	set_88	4	600	600	600	69	0	0.046	2	1.0
Locus248	set_88	4	600	600	600	72	0	0.047	2	1.0
Locus249	set_88	4	600	600	600	69	0	0.036	9	1.0
Locus250	set_88	4	600	600	600	68	0	0.036	4	1.0
Locus251	set_88	4	600	600	600	69	0	0.049	5	1.0
Locus252	set_88	4	600	600	600	64	0	0.038	5	1.0
Locus253	set_88	4	600	600	600	73	0	0.039	3	1.0
Locus254	set_88	4	600	600	600	70	0	0.045	5	1.0
Locus255	set_88	4	600	600	600	64	0	0.048	6	1.0
Locus256	set_88	4	600	600	600	74	0	0.041	2	1.0
Locus257	set_88	4	600	600	600	69	0	0.041	4	1.0
Locus258	set_88	4	600	600	600	70	0	0.042	5	1.0
Locus259	set_88	4	600	600	600	75	0	0.044	3	1.0
Locus260	set_88	4	600	600	600	66	0	0.048	3	1.0
Locus261	set_88	4	600	600	600	69	0	0.036	4	1.0
Locus262	set_88	4	600	600	600	69	0	0.046	5	1.0
Locus263	set_88	4	600	600	600	67	0	0.039	7	1.0
Locus264	set_88	4	600	600	600	70	0	0.051	3	1.0
Locus265	set_88	4	600	600	600	67	0	0.042	3	1.0
Locus266	set_88	4	600	600	600	71	0	0.040	5	1.0
Locus267	set_88	4	600	600	600	72	0	0.047	5	1.0
Locus268	set_88	4	600	600	600	68	0	0.036	4	1.0
Locus269	set_88	4	600	600	600	70	0	0.040	4	1.0
Locus270	set_88	4	600	600	600	70	0	0.038	8	1.0
Locus271	set_88	4	600	600	600	66	0	0.042	6	1.0
Locus272	set_88	4	600	600	600	70	0	0.033	3	1.0
Locus273	set_88	4	600	600	600	73	0	0.042	4	1.0
Locus274	set_88	4	600	600	600	70	0	0.045	1	1.0
Locus275	set_88	4	600	600	600	71	0	0.040	6	1.0
Locus276	set_88	4	600	600	600	70	0	0.037	6	1.0
Locus277	set_88	4	600	600	600	69	0	0.044	6	1.0
Locus278	set_88	4	600	600	600	70	0	0.043	2	1.0
Locus279	set_88	4	600	600	600	71	0	0.040	2	1.0
Locus280	set_88	4	600	600	600	67	0	0.041	5	1.0
Locus281	set_88	4	600	600	600	66	0	0.032	7	1.0
Locus282	set_88	4	600	600	600	70	0	0.042	4	1.0
Locus283	set_88	4	600	600	600	68	0	0.044	6	1.0
Locus284	set_88	4	600	600	600	66	0	0.044	3	1.0
Locus285	set_88	4	600	600	600	66	0	0.036	3	1.0
Locus286	set_88	4	600	600	600	69	0	0.043	4	1.0
Locus287	set_88	4	600	600	600	69	0	0.053	1	1.0
Locus288	set_88	4	600	600	600	68	0	0.038	4	1.0
Locus289	set_88	4	600	600	600	70	0	0.038	3	1.0
Locus290	set_88	4	600	600	600	74	0	0.044	1	1.0
Locus291	set_88	4	600	600	600	72	0	0.046	3	1.0
Locus292	set_88	4	600	600	600	72	0	0.044	4	1.0
Locus293	set_88	4	600	600	600	72	0	0.038	8	1.0
Locus294	set_88	4	600	600	600	66	0	0.050	3	1.0
Locus295	set_88	4	600	600	600	71	0	0.038	4	1.0
Locus296	set_88	4	600	600	600	70	0	0.042	2	1.0
Locus297	set_88	4	600	600	600	71	0	0.037	2	1.0
Locus298	set_88	4	600	600	600	69	0	0.035	2	1.0
Locus299	set_88	4	600	600	600	68	0	0.042	3	1.0
Locus300	set_88	4	600	600	600	69	0	0.046	6	1.0
Locus301	set_88	4	600	600	600	72	0	0.042	4	1.0
Locus302	set_88	4	600	600	600	71	0	0.046	3	1.0
Locus303	set_88	4	600	600	600	68	0	0.037	4	1.0
Locus304	set_88	4	600	600	600	71	0	0.036	4	1.0
Locus305	set_88	4	600	600	600	68	0	0.042	5	1.0
Locus306	set_88	4	600	600	600	67	0	0.042	4	1.0
Locus307	set_88	4	600	600	600	71	0	0.031	2	1.0
Locus308	set_88	4	600	600	600	66	0	0.038	7	1.0
Locus309	set_88	4	600	600	600	73	0	0.035	4	1.0
Locus310	set_88	4	600	600	600	73	0	0.039	5	1.0
Locus311	set_88	4	600	600	600	63	0	0.047	1	1.0
Locus312	set_88	4	600	600	600	69	0	0.039	1	1.0
Locus313	set_88	4	600	600	600	69	0	0.040	4	1.0
Locus314	set_88	4	600	600	600	69	0	0.045	0	1.0
Locus315	set_88	4	600	600	600	69	0	0.048	3	1.0
Locus316	set_88	4	600	600	600	73	0	0.042	1	1.0
Locus317	set_88	4	600	600	600	70	0	0.047	3	1.0
Locus318	set_88	4	600	600	600	69	0	0.042	3	1.0
Locus319	set_88	4	600	600	600	69	0	0.042	4	1.0
Locus320	set_88	4	600	600	600	70	0	0.049	2	1.0
Locus321	set_88	4	600	600	600	69	0	0.038	4	1.0
Locus322	set_88	4	600	600	600	67	0	0.045	4	1.0
Locus323	set_88	4	600	600	600	68	0	0.044	5	1.0
Locus324	set_88	4	600	600	600	67	0	0.043	3	1.0
Locus325	set_88	4	600	600	600	72	0	0.035	4	1.0
Locus326	set_88	4	600	600	600	68	0	0.037	4	1.0
Locus327	set_88	4	600	600	600	70	0	0.038	5	1.0
Locus328	set_88	4	600	600	600	69	0	0.044	4	1.0
Locus329	set_88	4	600	600	600	63	0	0.048	1	1.0
Locus330	set_88	4	600	600	600	70	0	0.050	5	1.0
Locus331	set_88	4	600	600	600	70	0	0.044	4	1.0
Locus332	set_88	4	600	600	600	71	0	0.048	5	1.0
Locus333	set_88	4	600	600	600	73	0	0.040	7	1.0
Locus334	set_88	4	600	600	600	71	0	0.039	2	1.0
Locus335	set_88	4	600	600	600	71	0	0.044	3	1.0
Locus336	set_88	4	600	600	600	69	0	0.035	3	1.0
Locus337	set_88	4	600	600	600	67	0	0.033	3	1.0
Locus338	set_88	4	600	600	600	65	0	0.050	7	1.0
Locus339	set_88	4	600	600	600	71	0	0.038	3	1.0
Locus340	set_88	4	600	600	600	73	0	0.049	5	1.0
Locus341	set_88	4	600	600	600	70	0	0.043	4	1.0
Locus342	set_88	4	600	600	600	71	0	0.035	2	1.0
Locus343	set_88	4	600	600	600	66	0	0.044	2	1.0
Locus344	set_88	4	600	600	600	64	0	0.044	3	1.0
Locus345	set_88	4	600	600	600	66	0	0.048	3	1.0
Locus346	set_88	4	600	600	600	66	0	0.042	5	1.0
Locus347	set_88	4	600	600	600	70	0	0.038	5	1.0
Locus348	set_88	4	600	600	600	68	0	0.047	NA	1.0
Locus349	set_88	4	600	600	600	71	0	0.040	4	1.0
Locus350	set_88	4	600	600	600	72	0	0.047	4	1.0
Locus351	set_88	4	600	600	600	70	0	0.043	1	1.0
Locus352	set_88	4	600	600	600	67	0	0.046	5	1.0
Locus353	set_88	4	600	600	600	65	0	0.043	1	1.0
Locus354	set_88	4	600	600	600	68	0	0.038	4	1.0
Locus355	set_88	4	600	600	600	71	0	0.045	2	1.0
Locus356	set_88	4	600	600	600	72	0	0.036	4	1.0
Locus357	set_88	4	600	600	600	72	0	0.043	1	1.0
Locus358	set_88	4	600	600	600	70	0	0.043	4	1.0
Locus359	set_88	4	600	600	600	70	0	0.034	3	1.0
Locus360	set_88	4	600	600	600	66	0	0.038	5	1.0
Locus361	set_88	4	600	600	600	71	0	0.038	4	1.0
Locus362	set_88	4	600	600	600	71	0	0.031	6	1.0
Locus363	set_88	4	600	600	600	67	0	0.038	2	1.0
Locus364	set_88	4	600	600	600	72	0	0.035	2	1.0
Locus365	set_88	4	600	600	600	68	0	0.041	4	1.0
Locus366	set_88	4	600	600	600	71	0	0.042	3	1.0
Locus367	set_88	4	600	600	600	61	0	0.051	2	1.0
Locus368	set_88	4	600	600	600	69	0	0.050	3	1.0
Locus369	set_88	4	600	600	600	71	0	0.046	4	1.0
Locus370	set_88	4	600	600	600	66	0	0.044	0	1.0
Locus371	set_88	4	600	600	600	71	0	0.044	4	1.0
Locus372	set_88	4	600	600	600	69	0	0.040	4	1.0
Locus373	set_88	4	600	600	600	72	0	0.035	0	1.0
Locus374	set_88	4	600	600	600	66	0	0.035	4	1.0
Locus375	set_88	4	600	600	600	66	0	0.037	7	1.0
Locus376	set_88	4	600	600	600	70	0	0.039	6	1.0
Locus377	set_88	4	600	600	600	72	0	0.042	3	1.0
Locus378	set_88	4	600	600	600	67	0	0.040	3	1.0
Locus379	set_88	4	600	600	600	69	0	0.035	3	1.0
Locus380	set_88	4	600	600	600	70	0	0.045	4	1.0
Locus381	set_88	4	600	600	600	69	0	0.042	2	1.0
Locus382	set_88	4	600	600	600	72	0	0.040	3	1.0
Locus383	set_88	4	600	600	600	69	0	0.040	3	1.0
Locus384	set_88	4	600	600	600	69	0	0.040	2	1.0
Locus385	set_88	4	600	600	600	69	0	0.035	5	1.0
Locus386	set_88	4	600	600	600	69	0	0.045	4	1.0
Locus387	set_88	4	600	600	600	67	0	0.036	2	1.0
Locus388	set_88	4	600	600	600	67	0	0.040	5	1.0
Locus389	set_88	4	600	600	600	72	0	0.042	2	1.0
Locus390	set_88	4	600	600	600	65	0	0.041	5	1.0
Locus391	set_88	4	600	600	600	65	0	0.045	3	1.0
Locus392	set_88	4	600	600	600	70	0	0.041	2	1.0
Locus393	set_88	4	600	600	600	70	0	0.039	5	1.0
Locus394	set_88	4	600	600	600	69	0	0.032	4	1.0
Locus395	set_88	4	600	600	600	70	0	0.059	4	1.0
Locus396	set_88	4	600	600	600	71	0	0.041	1	1.0
Locus397	set_88	4	600	600	600	70	0	0.032	2	1.0
Locus398	set_88	4	600	600	600	65	0	0.045	4	1.0
Locus399	set_88	4	600	600	600	70	0	0.036	6	1.0
Locus400	set_88	4	600	600	600	70	0	0.044	4	1.0
Locus401	set_88	4	600	600	600	67	0	0.038	5	1.0
Locus402	set_88	4	600	600	600	68	0	0.044	2	1.0
Locus403	set_88	4	600	600	600	71	0	0.040	9	1.0
Locus404	set_88	4	600	600	600	67	0	0.042	4	1.0
Locus405	set_88	4	600	600	600	66	0	0.037	8	1.0
Locus406	set_88	4	600	600	600	73	0	0.038	5	1.0
Locus407	set_88	4	600	600	600	69	0	0.039	4	1.0
Locus408	set_88	4	600	600	600	66	0	0.039	3	1.0
Locus409	set_88	4	600	600	600	71	0	0.038	7	1.0
Locus410	set_88	4	600	600	600	69	0	0.045	3	1.0
Locus411	set_88	4	600	600	600	69	0	0.044	2	1.0
Locus412	set_88	4	600	600	600	72	0	0.048	4	1.0
Locus413	set_88	4	600	600	600	71	0	0.041	1	1.0
Locus414	set_88	4	600	600	600	73	0	0.039	5	1.0
Locus415	set_88	4	600	600	600	69	0	0.032	5	1.0
Locus416	set_88	4	600	600	600	72	0	0.036	3	1.0
Locus417	set_88	4	600	600	600	68	0	0.037	2	1.0
Locus418	set_88	4	600	600	600	70	0	0.035	3	1.0
Locus419	set_88	4	600	600	600	70	0	0.050	3	1.0
Locus420	set_88	4	600	600	600	70	0	0.043	5	1.0
Locus421	set_88	4	600	600	600	73	0	0.034	3	1.0
Locus422	set_88	4	600	600	600	71	0	0.032	4	1.0
Locus423	set_88	4	600	600	600	70	0	0.052	1	1.0
Locus424	set_88	4	600	600	600	72	0	0.038	6	1.0
Locus425	set_88	4	600	600	600	71	0	0.039	4	1.0
Locus426	set_88	4	600	600	600	70	0	0.036	2	1.0
Locus427	set_88	4	600	600	600	65	0	0.039	6	1.0
Locus428	set_88	4	600	600	600	72	0	0.054	2	1.0
Locus429	set_88	4	600	600	600	67	0	0.044	3	1.0
Locus430	set_88	4	600	600	600	70	0	0.038	3	1.0
Locus431	set_88	4	600	600	600	67	0	0.048	3	1.0
Locus432	set_88	4	600	600	600	71	0	0.056	1	1.0
Locus433	set_88	4	600	600	600	69	0	0.042	6	1.0
Locus434	set_88	4	600	600	600	70	0	0.035	7	1.0
Locus435	set_88	4	600	600	600	71	0	0.044	4	1.0
Locus436	set_88	4	600	600	600	70	0	0.034	6	1.0
Locus437	set_88	4	600	600	600	68	0	0.040	4	1.0
Locus438	set_88	4	600	600	600	71	0	0.040	6	1.0
Locus439	set_88	4	600	600	600	73	0	0.036	5	1.0
Locus440	set_88	4	600	600	600	70	0	0.041	5	1.0
Locus441	set_88	4	600	600	600	66	0	0.044	1	1.0
Locus442	set_88	4	600	600	600	68	0	0.041	4	1.0
Locus443	set_88	4	600	600	600	64	0	0.045	3	1.0
Locus444	set_88	4	600	600	600	70	0	0.043	1	1.0
Locus445	set_88	4	600	600	600	69	0	0.041	3	1.0
Locus446	set_88	4	600	600	600	69	0	0.038	6	1.0
Locus447	set_88	4	600	600	600	61	0	0.036	4	1.0
Locus448	set_88	4	600	600	600	71	0	0.038	2	1.0
Locus449	set_88	4	600	600	600	71	0	0.042	3	1.0
Locus450	set_88	4	600	600	600	69	0	0.041	5	1.0
Locus451	set_88	4	600	600	600	66	0	0.043	4	1.0
Locus452	set_88	4	600	600	600	74	0	0.045	4	1.0
Locus453	set_88	4	600	600	600	72	0	0.038	4	1.0
Locus454	set_88	4	600	600	600	67	0	0.043	3	1.0
Locus455	set_88	4	600	600	600	69	0	0.043	5	1.0
Locus456	set_88	4	600	600	600	72	0	0.046	3	1.0
Locus457	set_88	4	600	600	600	69	0	0.047	4	1.0
Locus458	set_88	4	600	600	600	69	0	0.043	3	1.0
Locus459	set_88	4	600	600	600	68	0	0.042	3	1.0
Locus460	set_88	4	600	600	600	73	0	0.041	3	1.0
Locus461	set_88	4	600	600	600	72	0	0.039	4	1.0
Locus462	set_88	4	600	600	600	69	0	0.040	3	1.0
Locus463	set_88	4	600	600	600	67	0	0.041	6	1.0
Locus464	set_88	4	600	600	600	68	0	0.039	0	1.0
Locus465	set_88	4	600	600	600	70	0	0.050	0	1.0
Locus466	set_88	4	600	600	600	72	0	0.040	4	1.0
Locus467	set_88	4	600	600	600	70	0	0.045	5	1.0
Locus468	set_88	4	600	600	600	70	0	0.042	3	1.0
Locus469	set_88	4	600	600	600	71	0	0.041	3	1.0
Locus470	set_88	4	600	600	600	70	0	0.038	2	1.0
Locus471	set_88	4	600	600	600	72	0	0.034	1	1.0
Locus472	set_88	4	600	600	600	69	0	0.038	3	1.0
Locus473	set_88	4	600	600	600	74	0	0.046	4	1.0
Locus474	set_88	4	600	600	600	75	0	0.044	1	1.0
Locus475	set_88	4	600	600	600	74	0	0.045	1	1.0
Locus476	set_88	4	600	600	600	70	0	0.043	3	1.0
Locus477	set_88	4	600	600	600	72	0	0.038	3	1.0
Locus478	set_88	4	600	600	600	69	0	0.043	3	1.0
Locus479	set_88	4	600	600	600	67	0	0.032	6	1.0
Locus480	set_88	4	600	600	600	67	0	0.039	4	1.0
Locus481	set_88	4	600	600	600	74	0	0.039	3	1.0
Locus482	set_88	4	600	600	600	67	0	0.040	6	1.0
Locus483	set_88	4	600	600	600	66	0	0.049	2	1.0
Locus484	set_88	4	600	600	600	69	0	0.037	3	1.0
Locus485	set_88	4	600	600	600	70	0	0.043	5	1.0
Locus486	set_88	4	600	600	600	70	0	0.048	3	1.0
Locus487	set_88	4	600	600	600	69	0	0.056	2	1.0
Locus488	set_88	4	600	600	600	65	0	0.040	5	1.0
Locus489	set_88	4	600	600	600	64	0	0.041	2	1.0
Locus490	set_88	4	600	600	600	68	0	0.052	NA	1.0
Locus491	set_88	4	600	600	600	69	0	0.029	3	1.0
Locus492	set_88	4	600	600	600	74	0	0.041	2	1.0
Locus493	set_88	4	600	600	600	72	0	0.041	3	1.0
Locus494	set_88	4	600	600	600	66	0	0.044	5	1.0
Locus495	set_88	4	600	600	600	68	0	0.040	4	1.0
Locus496	set_88	4	600	600	600	70	0	0.050	1	1.0
Locus497	set_88	4	600	600	600	71	0	0.043	6	1.0
Locus498	set_88	4	600	600	600	65	0	0.036	4	1.0
Locus499	set_88	4	600	600	600	69	0	0.040	3	1.0
Locus500	set_88	4	600	600	600	65	0	0.042	4	1.0
Locus501	set_88	4	600	600	600	66	0	0.048	1	1.0
Locus502	set_88	4	600	600	600	70	0	0.029	4	1.0
Locus503	set_88	4	600	600	600	70	0	0.039	5	1.0
Locus504	set_88	4	600	600	600	73	0	0.040	4	1.0
Locus505	set_88	4	600	600	600	72	0	0.040	4	1.0
Locus506	set_88	4	600	600	600	69	0	0.042	3	1.0
Locus507	set_88	4	600	600	600	72	0	0.040	6	1.0
Locus508	set_88	4	600	600	600	69	0	0.036	0	1.0
Locus509	set_88	4	600	600	600	70	0	0.042	3	1.0
Locus510	set_88	4	600	600	600	67	0	0.034	3	1.0
Locus511	set_88	4	600	600	600	66	0	0.038	2	1.0
Locus512	set_88	4	600	600	600	66	0	0.043	3	1.0
Locus513	set_88	4	600	600	600	69	0	0.046	1	1.0
Locus514	set_88	4	600	600	600	66	0	0.050	5	1.0
Locus515	set_88	4	600	600	600	65	0	0.042	2	1.0
Locus516	set_88	4	600	600	600	72	0	0.045	4	1.0
Locus517	set_88	4	600	600	600	69	0	0.045	5	1.0
Locus518	set_88	4	600	600	600	72	0	0.033	3	1.0
Locus519	set_88	4	600	600	600	72	0	0.038	4	1.0
Locus520	set_88	4	600	600	600	71	0	0.047	1	1.0
Locus521	set_88	4	600	600	600	74	0	0.043	3	1.0
Locus522	set_88	4	600	600	600	61	0	0.047	1	1.0
Locus523	set_88	4	600	600	600	69	0	0.053	6	1.0
Locus524	set_88	4	600	600	600	70	0	0.042	6	1.0
Locus525	set_88	4	600	600	600	69	0	0.047	3	1.0
Locus526	set_88	4	600	600	600	71	0	0.036	3	1.0
Locus527	set_88	4	600	600	600	68	0	0.033	1	1.0
Locus528	set_88	4	600	600	600	67	0	0.042	5	1.0
Locus529	set_88	4	600	600	600	68	0	0.048	3	1.0
Locus530	set_88	4	600	600	600	68	0	0.047	NA	1.0
Locus531	set_88	4	600	600	600	67	0	0.044	1	1.0
Locus532	set_88	4	600	600	600	67	0	0.033	3	1.0
Locus533	set_88	4	600	600	600	71	0	0.034	4	1.0
Locus534	set_88	4	600	600	600	72	0	0.038	6	1.0
Locus535	set_88	4	600	600	600	68	0	0.039	5	1.0
Locus536	set_88	4	600	600	600	69	0	0.041	2	1.0
Locus537	set_88	4	600	600	600	71	0	0.034	4	1.0
Locus538	set_88	4	600	600	600	64	0	0.042	2	1.0
Locus539	set_88	4	600	600	600	70	0	0.037	3	1.0
Locus540	set_88	4	600	600	600	69	0	0.048	1	1.0
Locus541	set_88	4	600	600	600	68	0	0.038	5	1.0
Locus542	set_88	4	600	600	600	71	0	0.040	2	1.0
Locus543	set_88	4	600	600	600	72	0	0.036	0	1.0
Locus544	set_88	4	600	600	600	68	0	0.042	5	1.0
Locus545	set_88	4	600	600	600	68	0	0.036	6	1.0
Locus546	set_88	4	600	600	600	70	0	0.043	3	1.0
Locus547	set_88	4	600	600	600	73	0	0.039	2	1.0
Locus548	set_88	4	600	600	600	73	0	0.035	2	1.0
Locus549	set_88	4	600	600	600	69	0	0.045	2	1.0
Locus550	set_88	4	600	600	600	71	0	0.047	2	1.0
Locus551	set_88	4	600	600	600	72	0	0.032	5	1.0
Locus552	set_88	4	600	600	600	65	0	0.048	3	1.0
Locus553	set_88	4	600	600	600	68	0	0.036	4	1.0
Locus554	set_88	4	600	600	600	72	0	0.042	2	1.0
Locus555	set_88	4	600	600	600	69	0	0.040	6	1.0
Locus556	set_88	4	600	600	600	65	0	0.041	6	1.0
Locus557	set_88	4	600	600	600	65	0	0.042	1	1.0
Locus558	set_88	4	600	600	600	69	0	0.040	3	1.0
Locus559	set_88	4	600	600	600	62	0	0.047	3	1.0
Locus560	set_88	4	600	600	600	67	0	0.040	7	1.0
Locus561	set_88	4	600	600	600	69	0	0.046	1	1.0
Locus562	set_88	4	600	600	600	70	0	0.039	4	1.0
Locus563	set_88	4	600	600	600	69	0	0.039	3	1.0
Locus564	set_88	4	600	600	600	67	0	0.036	3	1.0
Locus565	set_88	4	600	600	600	69	0	0.034	4	1.0
Locus566	set_88	4	600	600	600	69	0	0.050	3	1.0
Locus567	set_88	4	600	600	600	69	0	0.046	1	1.0
Locus568	set_88	4	600	600	600	71	0	0.035	6	1.0
Locus569	set_88	4	600	600	600	72	0	0.046	4	1.0
Locus570	set_88	4	600	600	600	71	0	0.037	2	1.0
Locus571	set_88	4	600	600	600	70	0	0.046	5	1.0
Locus572	set_88	4	600	600	600	69	0	0.045	1	1.0
Locus573	set_88	4	600	600	600	67	0	0.037	5	1.0
Locus574	set_88	4	600	600	600	72	0	0.041	3	1.0
Locus575	set_88	4	600	600	600	69	0	0.036	5	1.0
Locus576	set_88	4	600	600	600	69	0	0.043	2	1.0
Locus577	set_88	4	600	600	600	70	0	0.038	3	1.0
Locus578	set_88	4	600	600	600	66	0	0.050	2	1.0
Locus579	set_88	4	600	600	600	64	0	0.044	7	1.0
Locus580	set_88	4	600	600	600	67	0	0.038	3	1.0
Locus581	set_88	4	600	600	600	67	0	0.039	1	1.0
Locus582	set_88	4	600	600	600	71	0	0.043	6	1.0
Locus583	set_88	4	600	600	600	72	0	0.037	4	1.0
Locus584	set_88	4	600	600	600	69	0	0.038	9	1.0
Locus585	set_88	4	600	600	600	70	0	0.041	2	1.0
Locus586	set_88	4	600	600	600	65	0	0.045	4	1.0
Locus587	set_88	4	600	600	600	63	0	0.040	3	1.0
Locus588	set_88	4	600	600	600	71	0	0.042	5	1.0
Locus589	set_88	4	600	600	600	70	0	0.043	3	1.0
Locus590	set_88	4	600	600	600	65	0	0.046	4	1.0
Locus591	set_88	4	600	600	600	65	0	0.038	5	1.0
Locus592	set_88	4	600	600	600	67	0	0.033	4	1.0
Locus593	set_88	4	600	600	600	70	0	0.036	1	1.0
Locus594	set_88	4	600	600	600	73	0	0.041	1	1.0
Locus595	set_88	4	600	600	600	70	0	0.044	4	1.0
Locus596	set_88	4	600	600	600	70	0	0.047	2	1.0
Locus597	set_88	4	600	600	600	72	0	0.047	5	1.0
Locus598	set_88	4	600	600	600	67	0	0.035	6	1.0
Locus599	set_88	4	600	600	600	67	0	0.037	5	1.0
Locus600	set_88	4	600	600	600	67	0	0.041	5	1.0
Locus601	set_88	4	600	600	600	74	0	0.045	4	1.0
Locus602	set_88	4	600	600	600	64	0	0.049	2	1.0
Locus603	set_88	4	600	600	600	66	0	0.046	1	1.0
Locus604	set_88	4	600	600	600	67	0	0.048	1	1.0
Locus605	set_88	4	600	600	600	67	0	0.032	3	1.0
Locus606	set_88	4	600	600	600	70	0	0.043	4	1.0
Locus607	set_88	4	600	600	600	69	0	0.035	4	1.0
Locus608	set_88	4	600	600	600	66	0	0.046	1	1.0
Locus609	set_88	4	600	600	600	69	0	0.044	2	1.0
Locus610	set_88	4	600	600	600	72	0	0.036	3	1.0
Locus611	set_88	4	600	600	600	69	0	0.033	6	1.0
Locus612	set_88	4	600	600	600	72	0	0.043	5	1.0
Locus613	set_88	4	600	600	600	68	0	0.041	5	1.0
Locus614	set_88	4	600	600	600	69	0	0.043	4	1.0
Locus615	set_88	4	600	600	600	71	0	0.042	4	1.0
Locus616	set_88	4	600	600	600	72	0	0.040	7	1.0
Locus617	set_88	4	600	600	600	68	0	0.048	3	1.0
Locus618	set_88	4	600	600	600	67	0	0.042	6	1.0
Locus619	set_88	4	600	600	600	71	0	0.042	5	1.0
Locus620	set_88	4	600	600	600	72	0	0.038	2	1.0
Locus621	set_88	4	600	600	600	70	0	0.041	4	1.0
Locus622	set_88	4	600	600	600	71	0	0.042	4	1.0
Locus623	set_88	4	600	600	600	66	0	0.040	1	1.0
Locus624	set_88	4	600	600	600	70	0	0.044	4	1.0
Locus625	set_88	4	600	600	600	74	0	0.040	7	1.0
Locus626	set_88	4	600	600	600	64	0	0.044	6	1.0
Locus627	set_88	4	600	600	600	69	0	0.039	4	1.0
Locus628	set_88	4	600	600	600	69	0	0.046	1	1.0
Locus629	set_88	4	600	600	600	69	0	0.037	5	1.0
Locus630	set_88	4	600	600	600	69	0	0.035	3	1.0
Locus631	set_88	4	600	600	600	69	0	0.034	4	1.0
Locus632	set_88	4	600	600	600	74	0	0.049	1	1.0
Locus633	set_88	4	600	600	600	71	0	0.030	5	1.0
Locus634	set_88	4	600	600	600	71	0	0.038	5	1.0
Locus635	set_88	4	600	600	600	65	0	0.044	3	1.0
Locus636	set_88	4	600	600	600	69	0	0.039	4	1.0
Locus637	set_88	4	600	600	600	70	0	0.036	1	1.0
Locus638	set_88	4	600	600	600	69	0	0.047	2	1.0
Locus639	set_88	4	600	600	600	70	0	0.044	2	1.0
Locus640	set_88	4	600	600	600	72	0	0.044	6	1.0
Locus641	set_88	4	600	600	600	66	0	0.048	2	1.0
Locus642	set_88	4	600	600	600	69	0	0.049	2	1.0
Locus643	set_88	4	600	600	600	68	0	0.040	2	1.0
Locus644	set_88	4	600	600	600	72	0	0.046	3	1.0
Locus645	set_88	4	600	600	600	68	0	0.045	5	1.0
Locus646	set_88	4	600	600	600	71	0	0.036	6	1.0
Locus647	set_88	4	600	600	600	71	0	0.047	1	1.0
Locus648	set_88	4	600	600	600	65	0	0.038	3	1.0
Locus649	set_88	4	600	600	600	70	0	0.039	3	1.0
Locus650	set_88	4	600	600	600	69	0	0.047	2	1.0
Locus651	set_88	4	600	600	600	69	0	0.047	2	1.0
Locus652	set_88	4	600	600	600	68	0	0.037	5	1.0
Locus653	set_88	4	600	600	600	67	0	0.046	2	1.0
Locus654	set_88	4	600	600	600	71	0	0.036	8	1.0
Locus655	set_88	4	600	600	600	70	0	0.051	3	1.0
Locus656	set_88	4	600	600	600	65	0	0.040	4	1.0
Locus657	set_88	4	600	600	600	71	0	0.046	1	1.0
Locus658	set_88	4	600	600	600	72	0	0.041	4	1.0
Locus659	set_88	4	600	600	600	69	0	0.046	2	1.0
Locus660	set_88	4	600	600	600	64	0	0.044	3	1.0
Locus661	set_88	4	600	600	600	69	0	0.044	3	1.0
Locus662	set_88	4	600	600	600	68	0	0.034	4	1.0
Locus663	set_88	4	600	600	600	74	0	0.041	3	1.0
Locus664	set_88	4	600	600	600	72	0	0.041	5	1.0
Locus665	set_88	4	600	600	600	67	0	0.043	3	1.0
Locus666	set_88	4	600	600	600	69	0	0.039	5	1.0
Locus667	set_88	4	600	600	600	65	0	0.053	0	1.0
Locus668	set_88	4	600	600	600	71	0	0.042	8	1.0
Locus669	set_88	4	600	600	600	72	0	0.043	3	1.0
Locus670	set_88	4	600	600	600	67	0	0.047	5	1.0
Locus671	set_88	4	600	600	600	72	0	0.038	5	1.0
Locus672	set_88	4	600	600	600	68	0	0.036	3	1.0
Locus673	set_88	4	600	600	600	67	0	0.048	2	1.0
Locus674	set_88	4	600	600	600	66	0	0.043	4	1.0
Locus675	set_88	4	600	600	600	69	0	0.037	5	1.0
Locus676	set_88	4	600	600	600	70	0	0.046	3	1.0
Locus677	set_88	4	600	600	600	68	0	0.054	3	1.0
Locus678	set_88	4	600	600	600	68	0	0.043	4	1.0
Locus679	set_88	4	600	600	600	69	0	0.039	2	1.0
Locus680	set_88	4	600	600	600	64	0	0.037	4	1.0
Locus681	set_88	4	600	600	600	66	0	0.036	2	1.0
Locus682	set_88	4	600	600	600	73	0	0.044	3	1.0
Locus683	set_88	4	600	600	600	67	0	0.043	3	1.0
Locus684	set_88	4	600	600	600	71	0	0.042	4	1.0
Locus685	set_88	4	600	600	600	72	0	0.042	2	1.0
Locus686	set_88	4	600	600	600	69	0	0.043	3	1.0
Locus687	set_88	4	600	600	600	72	0	0.037	3	1.0
Locus688	set_88	4	600	600	600	67	0	0.038	3	1.0
Locus689	set_88	4	600	600	600	73	0	0.036	3	1.0
Locus690	set_88	4	600	600	600	69	0	0.035	5	1.0
Locus691	set_88	4	600	600	600	70	0	0.036	1	1.0
Locus692	set_88	4	600	600	600	71	0	0.037	3	1.0
Locus693	set_88	4	600	600	600	69	0	0.044	4	1.0
Locus694	set_88	4	600	600	600	65	0	0.043	5	1.0
Locus695	set_88	4	600	600	600	69	0	0.043	4	1.0
Locus696	set_88	4	600	600	600	70	0	0.037	4	1.0
Locus697	set_88	4	600	600	600	72	0	0.047	4	1.0
Locus698	set_88	4	600	600	600	66	0	0.051	1	1.0
Locus699	set_88	4	600	600	600	69	0	0.038	2	1.0
Locus700	set_88	4	600	600	600	70	0	0.042	4	1.0
Locus701	set_88	4	600	600	600	65	0	0.046	4	1.0
Locus702	set_88	4	600	600	600	67	0	0.049	5	1.0
Locus703	set_88	4	600	600	600	67	0	0.045	3	1.0
Locus704	set_88	4	600	600	600	72	0	0.034	1	1.0
Locus705	set_88	4	600	600	600	67	0	0.047	4	1.0
Locus706	set_88	4	600	600	600	70	0	0.034	5	1.0
Locus707	set_88	4	600	600	600	68	0	0.041	7	1.0
Locus708	set_88	4	600	600	600	63	0	0.034	2	1.0
Locus709	set_88	4	600	600	600	73	0	0.036	5	1.0
Locus710	set_88	4	600	600	600	71	0	0.037	3	1.0
Locus711	set_88	4	600	600	600	69	0	0.042	3	1.0
Locus712	set_88	4	600	600	600	71	0	0.038	3	1.0
Locus713	set_88	4	600	600	600	71	0	0.046	8	1.0
Locus714	set_88	4	600	600	600	70	0	0.038	5	1.0
Locus715	set_88	4	600	600	600	65	0	0.035	4	1.0
Locus716	set_88	4	600	600	600	70	0	0.039	3	1.0
Locus717	set_88	4	600	600	600	69	0	0.034	3	1.0
Locus718	set_88	4	600	600	600	66	0	0.044	3	1.0
Locus719	set_88	4	600	600	600	73	0	0.042	5	1.0
Locus720	set_88	4	600	600	600	71	0	0.036	5	1.0
Locus721	set_88	4	600	600	600	71	0	0.041	5	1.0
Locus722	set_88	4	600	600	600	70	0	0.046	1	1.0
Locus723	set_88	4	600	600	600	69	0	0.041	4	1.0
Locus724	set_88	4	600	600	600	71	0	0.036	3	1.0
Locus725	set_88	4	600	600	600	72	0	0.043	2	1.0
Locus726	set_88	4	600	600	600	65	0	0.046	2	1.0
Locus727	set_88	4	600	600	600	69	0	0.038	6	1.0
Locus728	set_88	4	600	600	600	74	0	0.034	4	1.0
Locus729	set_88	4	600	600	600	68	0	0.038	3	1.0
Locus730	set_88	4	600	600	600	68	0	0.037	6	1.0
Locus731	set_88	4	600	600	600	69	0	0.048	2	1.0
Locus732	set_88	4	600	600	600	65	0	0.036	3	1.0
Locus733	set_88	4	600	600	600	69	0	0.035	8	1.0
Locus734	set_88	4	600	600	600	69	0	0.039	6	1.0
Locus735	set_88	4	600	600	600	71	0	0.044	3	1.0
Locus736	set_88	4	600	600	600	71	0	0.043	2	1.0
Locus737	set_88	4	600	600	600	67	0	0.043	2	1.0
Locus738	set_88	4	600	600	600	69	0	0.037	5	1.0
Locus739	set_88	4	600	600	600	70	0	0.031	3	1.0
Locus740	set_88	4	600	600	600	69	0	0.034	2	1.0
Locus741	set_88	4	600	600	600	67	0	0.035	3	1.0
Locus742	set_88	4	600	600	600	68	0	0.044	4	1.0
Locus743	set_88	4	600	600	600	72	0	0.051	NA	1.0
Locus744	set_88	4	600	600	600	73	0	0.041	4	1.0
Locus745	set_88	4	600	600	600	69	0	0.034	7	1.0
Locus746	set_88	4	600	600	600	68	0	0.041	3	1.0
Locus747	set_88	4	600	600	600	67	0	0.044	5	1.0
Locus748	set_88	4	600	600	600	67	0	0.039	4	1.0
Locus749	set_88	4	600	600	600	72	0	0.034	6	1.0
Locus750	set_88	4	600	600	600	68	0	0.035	6	1.0
Locus751	set_88	4	600	600	600	67	0	0.045	2	1.0
Locus752	set_88	4	600	600	600	70	0	0.042	3	1.0
Locus753	set_88	4	600	600	600	65	0	0.037	3	1.0
Locus754	set_88	4	600	600	600	66	0	0.035	2	1.0
Locus755	set_88	4	600	600	600	67	0	0.042	2	1.0
Locus756	set_88	4	600	600	600	70	0	0.038	5	1.0
Locus757	set_88	4	600	600	600	66	0	0.054	1	1.0
Locus758	set_88	4	600	600	600	66	0	0.045	3	1.0
Locus759	set_88	4	600	600	600	71	0	0.045	2	1.0
Locus760	set_88	4	600	600	600	71	0	0.035	6	1.0
Locus761	set_88	4	600	600	600	68	0	0.041	3	1.0
Locus762	set_88	4	600	600	600	72	0	0.044	6	1.0
Locus763	set_88	4	600	600	600	71	0	0.038	4	1.0
Locus764	set_88	4	600	600	600	70	0	0.039	6	1.0
Locus765	set_88	4	600	600	600	70	0	0.040	4	1.0
Locus766	set_88	4	600	600	600	65	0	0.041	4	1.0
Locus767	set_88	4	600	600	600	68	0	0.030	1	1.0
Locus768	set_88	4	600	600	600	72	0	0.034	6	1.0
Locus769	set_88	4	600	600	600	73	0	0.039	2	1.0
Locus770	set_88	4	600	600	600	71	0	0.035	4	1.0
Locus771	set_88	4	600	600	600	68	0	0.037	6	1.0
Locus772	set_88	4	600	600	600	68	0	0.044	5	1.0
Locus773	set_88	4	600	600	600	67	0	0.035	1	1.0
Locus774	set_88	4	600	600	600	68	0	0.047	4	1.0
Locus775	set_88	4	600	600	600	69	0	0.040	6	1.0
Locus776	set_88	4	600	600	600	69	0	0.038	4	1.0
Locus777	set_88	4	600	600	600	72	0	0.029	5	1.0
Locus778	set_88	4	600	600	600	72	0	0.039	2	1.0
Locus779	set_88	4	600	600	600	68	0	0.035	3	1.0
Locus780	set_88	4	600	600	600	71	0	0.046	5	1.0
Locus781	set_88	4	600	600	600	68	0	0.047	4	1.0
Locus782	set_88	4	600	600	600	73	0	0.043	5	1.0
Locus783	set_88	4	600	600	600	71	0	0.040	6	1.0
Locus784	set_88	4	600	600	600	64	0	0.045	4	1.0
Locus785	set_88	4	600	600	600	71	0	0.045	2	1.0
Locus786	set_88	4	600	600	600	64	0	0.043	6	1.0
Locus787	set_88	4	600	600	600	70	0	0.041	3	1.0
Locus788	set_88	4	600	600	600	74	0	0.035	1	1.0
Locus789	set_88	4	600	600	600	70	0	0.034	3	1.0
Locus790	set_88	4	600	600	600	67	0	0.040	4	1.0
Locus791	set_88	4	600	600	600	69	0	0.042	5	1.0
Locus792	set_88	4	600	600	600	70	0	0.034	5	1.0
Locus793	set_88	4	600	600	600	63	0	0.045	NA	1.0
Locus794	set_88	4	600	600	600	71	0	0.038	2	1.0
Locus795	set_88	4	600	600	600	69	0	0.045	2	1.0
Locus796	set_88	4	600	600	600	68	0	0.039	3	1.0
Locus797	set_88	4	600	600	600	72	0	0.037	5	1.0
Locus798	set_88	4	600	600	600	70	0	0.030	5	1.0
Locus799	set_88	4	600	600	600	70	0	0.046	3	1.0
Locus800	set_88	4	600	600	600	71	0	0.033	2	1.0
Locus801	set_88	4	600	600	600	69	0	0.036	3	1.0
Locus802	set_88	4	600	600	600	68	0	0.042	0	1.0
Locus803	set_88	4	600	600	600	68	0	0.040	4	1.0
Locus804	set_88	4	600	600	600	69	0	0.032	5	1.0
Locus805	set_88	4	600	600	600	67	0	0.040	3	1.0
Locus806	set_88	4	600	600	600	71	0	0.044	3	1.0
Locus807	set_88	4	600	600	600	71	0	0.035	6	1.0
Locus808	set_88	4	600	600	600	70	0	0.041	3	1.0
Locus809	set_88	4	600	600	600	69	0	0.041	5	1.0
Locus810	set_88	4	600	600	600	68	0	0.045	3	1.0
Locus811	set_88	4	600	600	600	68	0	0.039	5	1.0
Locus812	set_88	4	600	600	600	71	0	0.036	4	1.0
Locus813	set_88	4	600	600	600	70	0	0.037	3	1.0
Locus814	set_88	4	600	600	600	67	0	0.035	6	1.0
Locus815	set_88	4	600	600	600	67	0	0.034	4	1.0
Locus816	set_88	4	600	600	600	72	0	0.041	3	1.0
Locus817	set_88	4	600	600	600	71	0	0.038	5	1.0
Locus818	set_88	4	600	600	600	71	0	0.047	1	1.0
Locus819	set_88	4	600	600	600	66	0	0.033	5	1.0
Locus820	set_88	4	600	600	600	66	0	0.036	NA	1.0
Locus821	set_88	4	600	600	600	66	0	0.040	4	1.0
Locus822	set_88	4	600	600	600	73	0	0.035	4	1.0
Locus823	set_88	4	600	600	600	66	0	0.048	2	1.0
Locus824	set_88	4	600	600	600	67	0	0.048	3	1.0
Locus825	set_88	4	600	600	600	67	0	0.044	5	1.0
Locus826	set_88	4	600	600	600	69	0	0.044	4	1.0
Locus827	set_88	4	600	600	600	69	0	0.034	5	1.0
Locus828	set_88	4	600	600	600	70	0	0.036	4	1.0
Locus829	set_88	4	600	600	600	66	0	0.043	5	1.0
Locus830	set_88	4	600	600	600	69	0	0.041	4	1.0
Locus831	set_88	4	600	600	600	67	0	0.042	NA	1.0
Locus832	set_88	4	600	600	600	73	0	0.041	0	1.0
Locus833	set_88	4	600	600	600	71	0	0.040	4	1.0
Locus834	set_88	4	600	600	600	68	0	0.036	3	1.0
Locus835	set_88	4	600	600	600	70	0	0.034	5	1.0
Locus836	set_88	4	600	600	600	71	0	0.039	6	1.0
Locus837	set_88	4	600	600	600	72	0	0.049	5	1.0
Locus838	set_88	4	600	600	600	68	0	0.039	5	1.0
Locus839	set_88	4	600	600	600	66	0	0.031	7	1.0
Locus840	set_88	4	600	600	600	68	0	0.040	4	1.0
Locus841	set_88	4	600	600	600	73	0	0.044	6	1.0
Locus842	set_88	4	600	600	600	71	0	0.044	5	1.0
Locus843	set_88	4	600	600	600	69	0	0.044	0	1.0
Locus844	set_88	4	600	600	600	75	0	0.048	2	1.0
Locus845	set_88	4	600	600	600	67	0	0.037	2	1.0
Locus846	set_88	4	600	600	600	71	0	0.038	6	1.0
Locus847	set_88	4	600	600	600	68	0	0.035	6	1.0
Locus848	set_88	4	600	600	600	67	0	0.046	4	1.0
Locus849	set_88	4	600	600	600	70	0	0.036	3	1.0
Locus850	set_88	4	600	600	600	64	0	0.041	6	1.0
Locus851	set_88	4	600	600	600	68	0	0.041	2	1.0
Locus852	set_88	4	600	600	600	67	0	0.049	5	1.0
Locus853	set_88	4	600	600	600	70	0	0.041	3	1.0
Locus854	set_88	4	600	600	600	68	0	0.044	5	1.0
Locus855	set_88	4	600	600	600	70	0	0.043	2	1.0
Locus856	set_88	4	600	600	600	65	0	0.047	6	1.0
Locus857	set_88	4	600	600	600	68	0	0.044	2	1.0
Locus858	set_88	4	600	600	600	72	0	0.045	3	1.0
Locus859	set_88	4	600	600	600	67	0	0.047	1	1.0
Locus860	set_88	4	600	600	600	69	0	0.037	4	1.0
Locus861	set_88	4	600	600	600	71	0	0.038	4	1.0
Locus862	set_88	4	600	600	600	72	0	0.042	1	1.0
Locus863	set_88	4	600	600	600	71	0	0.032	6	1.0
Locus864	set_88	4	600	600	600	68	0	0.038	3	1.0
Locus865	set_88	4	600	600	600	71	0	0.044	4	1.0
Locus866	set_88	4	600	600	600	69	0	0.044	6	1.0
Locus867	set_88	4	600	600	600	71	0	0.039	5	1.0
Locus868	set_88	4	600	600	600	68	0	0.044	3	1.0
Locus869	set_88	4	600	600	600	68	0	0.036	6	1.0
Locus870	set_88	4	600	600	600	67	0	0.041	4	1.0
Locus871	set_88	4	600	600	600	71	0	0.043	5	1.0
Locus872	set_88	4	600	600	600	72	0	0.043	3	1.0
Locus873	set_88	4	600	600	600	69	0	0.039	3	1.0
Locus874	set_88	4	600	600	600	68	0	0.039	5	1.0
Locus875	set_88	4	600	600	600	70	0	0.044	1	1.0
Locus876	set_88	4	600	600	600	73	0	0.046	4	1.0
Locus877	set_88	4	600	600	600	69	0	0.037	7	1.0
Locus878	set_88	4	600	600	600	67	0	0.041	0	1.0
Locus879	set_88	4	600	600	600	66	0	0.043	3	1.0
Locus880	set_88	4	600	600	600	72	0	0.033	5	1.0
Locus881	set_88	4	600	600	600	66	0	0.041	6	1.0
Locus882	set_88	4	600	600	600	72	0	0.050	3	1.0
Locus883	set_88	4	600	600	600	68	0	0.043	3	1.0
Locus884	set_88	4	600	600	600	68	0	0.040	5	1.0
Locus885	set_88	4	600	600	600	71	0	0.040	3	1.0
Locus886	set_88	4	600	600	600	71	0	0.038	4	1.0
Locus887	set_88	4	600	600	600	62	0	0.040	2	1.0
Locus888	set_88	4	600	600	600	69	0	0.045	3	1.0
Locus889	set_88	4	600	600	600	70	0	0.041	5	1.0
Locus890	set_88	4	600	600	600	71	0	0.040	6	1.0
Locus891	set_88	4	600	600	600	65	0	0.044	4	1.0
Locus892	set_88	4	600	600	600	69	0	0.045	1	1.0
Locus893	set_88	4	600	600	600	71	0	0.035	4	1.0
Locus894	set_88	4	600	600	600	73	0	0.036	7	1.0
Locus895	set_88	4	600	600	600	68	0	0.047	6	1.0
Locus896	set_88	4	600	600	600	71	0	0.049	3	1.0
Locus897	set_88	4	600	600	600	70	0	0.037	3	1.0
Locus898	set_88	4	600	600	600	68	0	0.051	2	1.0
Locus899	set_88	4	600	600	600	70	0	0.036	3	1.0
Locus900	set_88	4	600	600	600	68	0	0.044	4	1.0
Locus901	set_88	4	600	600	600	71	0	0.035	5	1.0
Locus902	set_88	4	600	600	600	63	0	0.036	1	1.0
Locus903	set_88	4	600	600	600	68	0	0.036	3	1.0
Locus904	set_88	4	600	600	600	69	0	0.037	6	1.0
Locus905	set_88	4	600	600	600	70	0	0.046	3	1.0
Locus906	set_88	4	600	600	600	70	0	0.038	1	1.0
Locus907	set_88	4	600	600	600	73	0	0.037	2	1.0
Locus908	set_88	4	600	600	600	73	0	0.038	4	1.0
Locus909	set_88	4	600	600	600	72	0	0.045	4	1.0
Locus910	set_88	4	600	600	600	69	0	0.044	2	1.0
Locus911	set_88	4	600	600	600	68	0	0.036	3	1.0
Locus912	set_88	4	600	600	600	71	0	0.043	4	1.0
Locus913	set_88	4	600	600	600	68	0	0.047	3	1.0
Locus914	set_88	4	600	600	600	71	0	0.049	1	1.0
Locus915	set_88	4	600	600	600	68	0	0.033	4	1.0
Locus916	set_88	4	600	600	600	70	0	0.037	5	1.0
Locus917	set_88	4	600	600	600	70	0	0.042	7	1.0
Locus918	set_88	4	600	600	600	69	0	0.038	3	1.0
Locus919	set_88	4	600	600	600	67	0	0.041	2	1.0
Locus920	set_88	4	600	600	600	69	0	0.045	4	1.0
Locus921	set_88	4	600	600	600	70	0	0.042	4	1.0
Locus922	set_88	4	600	600	600	69	0	0.030	4	1.0
Locus923	set_88	4	600	600	600	71	0	0.039	3	1.0
Locus924	set_88	4	600	600	600	75	0	0.042	2	1.0
Locus925	set_88	4	600	600	600	70	0	0.039	4	1.0
Locus926	set_88	4	600	600	600	68	0	0.041	5	1.0
Locus927	set_88	4	600	600	600	69	0	0.037	4	1.0
Locus928	set_88	4	600	600	600	72	0	0.044	3	1.0
Locus929	set_88	4	600	600	600	63	0	0.038	1	1.0
Locus930	set_88	4	600	600	600	67	0	0.040	0	1.0
Locus931	set_88	4	600	600	600	69	0	0.034	6	1.0
Locus932	set_88	4	600	600	600	67	0	0.042	2	1.0
Locus933	set_88	4	600	600	600	66	0	0.048	2	1.0
Locus934	set_88	4	600	600	600	63	0	0.044	1	1.0
Locus935	set_88	4	600	600	600	66	0	0.039	3	1.0
Locus936	set_88	4	600	600	600	66	0	0.048	5	1.0
Locus937	set_88	4	600	600	600	70	0	0.036	7	1.0
Locus938	set_88	4	600	600	600	67	0	0.040	2	1.0
Locus939	set_88	4	600	600	600	67	0	0.038	3	1.0
Locus940	set_88	4	600	600	600	70	0	0.039	3	1.0
Locus941	set_88	4	600	600	600	64	0	0.042	4	1.0
Locus942	set_88	4	600	600	600	72	0	0.040	5	1.0
Locus943	set_88	4	600	600	600	72	0	0.049	3	1.0
Locus944	set_88	4	600	600	600	70	0	0.040	4	1.0
Locus945	set_88	4	600	600	600	70	0	0.046	5	1.0
Locus946	set_88	4	600	600	600	71	0	0.039	5	1.0
Locus947	set_88	4	600	600	600	68	0	0.035	5	1.0
Locus948	set_88	4	600	600	600	66	0	0.049	2	1.0
Locus949	set_88	4	600	600	600	68	0	0.036	4	1.0
Locus950	set_88	4	600	600	600	73	0	0.042	6	1.0
Locus951	set_88	4	600	600	600	68	0	0.041	4	1.0
Locus952	set_88	4	600	600	600	67	0	0.047	2	1.0
Locus953	set_88	4	600	600	600	72	0	0.041	4	1.0
Locus954	set_88	4	600	600	600	70	0	0.037	7	1.0
Locus955	set_88	4	600	600	600	64	0	0.041	2	1.0
Locus956	set_88	4	600	600	600	68	0	0.040	5	1.0
Locus957	set_88	4	600	600	600	69	0	0.046	0	1.0
Locus958	set_88	4	600	600	600	66	0	0.044	8	1.0
Locus959	set_88	4	600	600	600	67	0	0.038	6	1.0
Locus960	set_88	4	600	600	600	72	0	0.041	2	1.0
Locus961	set_88	4	600	600	600	71	0	0.037	2	1.0
Locus962	set_88	4	600	600	600	69	0	0.040	6	1.0
Locus963	set_88	4	600	600	600	68	0	0.041	1	1.0
Locus964	set_88	4	600	600	600	70	0	0.039	6	1.0
Locus965	set_88	4	600	600	600	69	0	0.043	3	1.0
Locus966	set_88	4	600	600	600	70	0	0.037	2	1.0
Locus967	set_88	4	600	600	600	70	0	0.044	8	1.0
Locus968	set_88	4	600	600	600	72	0	0.040	5	1.0
Locus969	set_88	4	600	600	600	67	0	0.041	3	1.0
Locus970	set_88	4	600	600	600	71	0	0.036	5	1.0
Locus971	set_88	4	600	600	600	70	0	0.031	2	1.0
Locus972	set_88	4	600	600	600	63	0	0.041	6	1.0
Locus973	set_88	4	600	600	600	71	0	0.041	3	1.0
Locus974	set_88	4	600	600	600	65	0	0.039	6	1.0
Locus975	set_88	4	600	600	600	70	0	0.035	3	1.0
Locus976	set_88	4	600	600	600	70	0	0.046	5	1.0
Locus977	set_88	4	600	600	600	66	0	0.030	4	1.0
Locus978	set_88	4	600	600	600	67	0	0.037	4	1.0
Locus979	set_88	4	600	600	600	68	0	0.041	6	1.0
Locus980	set_88	4	600	600	600	67	0	0.043	1	1.0
Locus981	set_88	4	600	600	600	62	0	0.043	5	1.0
Locus982	set_88	4	600	600	600	68	0	0.037	2	1.0
Locus983	set_88	4	600	600	600	69	0	0.037	5	1.0
Locus984	set_88	4	600	600	600	68	0	0.042	2	1.0
Locus985	set_88	4	600	600	600	69	0	0.044	5	1.0
Locus986	set_88	4	600	600	600	67	0	0.028	4	1.0
Locus987	set_88	4	600	600	600	73	0	0.041	2	1.0
Locus988	set_88	4	600	600	600	68	0	0.039	6	1.0
Locus989	set_88	4	600	600	600	71	0	0.049	4	1.0
Locus990	set_88	4	600	600	600	71	0	0.041	5	1.0
Locus991	set_88	4	600	600	600	68	0	0.039	7	1.0
Locus992	set_88	4	600	600	600	70	0	0.034	1	1.0
Locus993	set_88	4	600	600	600	69	0	0.044	3	1.0
Locus994	set_88	4	600	600	600	69	0	0.046	NA	1.0
Locus995	set_88	4	600	600	600	69	0	0.042	2	1.0
Locus996	set_88	4	600	600	600	72	0	0.043	4	1.0
Locus997	set_88	4	600	600	600	72	0	0.038	3	1.0
Locus998	set_88	4	600	600	600	71	0	0.034	5	1.0
Locus999	set_88	4	600	600	600	73	0	0.047	2	1.0
Locus1000	set_88	4	600	600	600	69	0	0.043	3	1.0
