LocusID	Species	N_individuals	AlnSeqLength	N_sites_noN	AvgSeqLg_noN	N_SNPsBi	N_SNPs_Mult	GC_content	NbRec	SNP_coverage
Locus1	set_104	4	600	600	600	80	0	0.052	5	1.0
Locus2	set_104	4	600	600	600	75	0	0.051	1	1.0
Locus3	set_104	4	600	600	600	81	0	0.060	1	1.0
Locus4	set_104	4	600	600	600	80	0	0.045	0	1.0
Locus5	set_104	4	600	600	600	83	0	0.039	5	1.0
Locus6	set_104	4	600	600	600	87	0	0.052	1	1.0
Locus7	set_104	4	600	600	600	85	0	0.052	3	1.0
Locus8	set_104	4	600	600	600	84	0	0.042	2	1.0
Locus9	set_104	4	600	600	600	83	0	0.046	1	1.0
Locus10	set_104	4	600	600	600	77	0	0.054	2	1.0
Locus11	set_104	4	600	600	600	77	0	0.047	3	1.0
Locus12	set_104	4	600	600	600	83	0	0.043	2	1.0
Locus13	set_104	4	600	600	600	79	0	0.041	4	1.0
Locus14	set_104	4	600	600	600	80	0	0.045	4	1.0
Locus15	set_104	4	600	600	600	77	0	0.050	5	1.0
Locus16	set_104	4	600	600	600	81	0	0.053	1	1.0
Locus17	set_104	4	600	600	600	76	0	0.039	9	1.0
Locus18	set_104	4	600	600	600	82	0	0.040	3	1.0
Locus19	set_104	4	600	600	600	83	0	0.046	2	1.0
Locus20	set_104	4	600	600	600	87	0	0.042	2	1.0
Locus21	set_104	4	600	600	600	82	0	0.038	3	1.0
Locus22	set_104	4	600	600	600	84	0	0.050	2	1.0
Locus23	set_104	4	600	600	600	81	0	0.058	4	1.0
Locus24	set_104	4	600	600	600	81	0	0.043	4	1.0
Locus25	set_104	4	600	600	600	85	0	0.048	1	1.0
Locus26	set_104	4	600	600	600	84	0	0.055	1	1.0
Locus27	set_104	4	600	600	600	82	0	0.055	1	1.0
Locus28	set_104	4	600	600	600	85	0	0.042	1	1.0
Locus29	set_104	4	600	600	600	81	0	0.044	8	1.0
Locus30	set_104	4	600	600	600	84	0	0.050	2	1.0
Locus31	set_104	4	600	600	600	83	0	0.045	4	1.0
Locus32	set_104	4	600	600	600	82	0	0.049	5	1.0
Locus33	set_104	4	600	600	600	84	0	0.055	0	1.0
Locus34	set_104	4	600	600	600	78	0	0.058	1	1.0
Locus35	set_104	4	600	600	600	81	0	0.051	1	1.0
Locus36	set_104	4	600	600	600	82	0	0.046	3	1.0
Locus37	set_104	4	600	600	600	81	0	0.056	4	1.0
Locus38	set_104	4	600	600	600	75	0	0.059	2	1.0
Locus39	set_104	4	600	600	600	80	0	0.044	3	1.0
Locus40	set_104	4	600	600	600	82	0	0.045	1	1.0
Locus41	set_104	4	600	600	600	82	0	0.032	1	1.0
Locus42	set_104	4	600	600	600	83	0	0.057	2	1.0
Locus43	set_104	4	600	600	600	81	0	0.049	3	1.0
Locus44	set_104	4	600	600	600	79	0	0.041	2	1.0
Locus45	set_104	4	600	600	600	81	0	0.028	3	1.0
Locus46	set_104	4	600	600	600	82	0	0.051	3	1.0
Locus47	set_104	4	600	600	600	84	0	0.038	5	1.0
Locus48	set_104	4	600	600	600	85	0	0.041	2	1.0
Locus49	set_104	4	600	600	600	88	0	0.049	4	1.0
Locus50	set_104	4	600	600	600	81	0	0.047	3	1.0
Locus51	set_104	4	600	600	600	82	0	0.054	1	1.0
Locus52	set_104	4	600	600	600	78	0	0.050	0	1.0
Locus53	set_104	4	600	600	600	81	0	0.053	3	1.0
Locus54	set_104	4	600	600	600	82	0	0.056	1	1.0
Locus55	set_104	4	600	600	600	80	0	0.047	1	1.0
Locus56	set_104	4	600	600	600	81	0	0.034	3	1.0
Locus57	set_104	4	600	600	600	87	0	0.048	5	1.0
Locus58	set_104	4	600	600	600	84	0	0.043	4	1.0
Locus59	set_104	4	600	600	600	85	0	0.042	5	1.0
Locus60	set_104	4	600	600	600	87	0	0.049	0	1.0
Locus61	set_104	4	600	600	600	82	0	0.047	2	1.0
Locus62	set_104	4	600	600	600	81	0	0.058	3	1.0
Locus63	set_104	4	600	600	600	83	0	0.060	4	1.0
Locus64	set_104	4	600	600	600	85	0	0.050	5	1.0
Locus65	set_104	4	600	600	600	85	0	0.047	2	1.0
Locus66	set_104	4	600	600	600	83	0	0.054	1	1.0
Locus67	set_104	4	600	600	600	84	0	0.055	2	1.0
Locus68	set_104	4	600	600	600	86	0	0.041	2	1.0
Locus69	set_104	4	600	600	600	86	0	0.057	3	1.0
Locus70	set_104	4	600	600	600	82	0	0.039	3	1.0
Locus71	set_104	4	600	600	600	79	0	0.060	0	1.0
Locus72	set_104	4	600	600	600	82	0	0.044	2	1.0
Locus73	set_104	4	600	600	600	84	0	0.043	3	1.0
Locus74	set_104	4	600	600	600	81	0	0.054	4	1.0
Locus75	set_104	4	600	600	600	82	0	0.058	3	1.0
Locus76	set_104	4	600	600	600	84	0	0.051	5	1.0
Locus77	set_104	4	600	600	600	84	0	0.048	5	1.0
Locus78	set_104	4	600	600	600	81	0	0.047	4	1.0
Locus79	set_104	4	600	600	600	80	0	0.050	2	1.0
Locus80	set_104	4	600	600	600	80	0	0.049	1	1.0
Locus81	set_104	4	600	600	600	77	0	0.039	5	1.0
Locus82	set_104	4	600	600	600	81	0	0.044	4	1.0
Locus83	set_104	4	600	600	600	84	0	0.044	3	1.0
Locus84	set_104	4	600	600	600	82	0	0.056	3	1.0
Locus85	set_104	4	600	600	600	82	0	0.047	5	1.0
Locus86	set_104	4	600	600	600	85	0	0.045	7	1.0
Locus87	set_104	4	600	600	600	81	0	0.057	5	1.0
Locus88	set_104	4	600	600	600	80	0	0.051	2	1.0
Locus89	set_104	4	600	600	600	81	0	0.044	3	1.0
Locus90	set_104	4	600	600	600	77	0	0.045	1	1.0
Locus91	set_104	4	600	600	600	82	0	0.052	3	1.0
Locus92	set_104	4	600	600	600	84	0	0.039	2	1.0
Locus93	set_104	4	600	600	600	82	0	0.049	1	1.0
Locus94	set_104	4	600	600	600	85	0	0.042	4	1.0
Locus95	set_104	4	600	600	600	81	0	0.041	1	1.0
Locus96	set_104	4	600	600	600	84	0	0.041	4	1.0
Locus97	set_104	4	600	600	600	76	0	0.051	3	1.0
Locus98	set_104	4	600	600	600	81	0	0.040	0	1.0
Locus99	set_104	4	600	600	600	84	0	0.036	4	1.0
Locus100	set_104	4	600	600	600	82	0	0.041	7	1.0
Locus101	set_104	4	600	600	600	80	0	0.051	6	1.0
Locus102	set_104	4	600	600	600	79	0	0.038	1	1.0
Locus103	set_104	4	600	600	600	84	0	0.047	2	1.0
Locus104	set_104	4	600	600	600	83	0	0.033	2	1.0
Locus105	set_104	4	600	600	600	80	0	0.044	1	1.0
Locus106	set_104	4	600	600	600	84	0	0.059	1	1.0
Locus107	set_104	4	600	600	600	83	0	0.037	3	1.0
Locus108	set_104	4	600	600	600	87	0	0.040	2	1.0
Locus109	set_104	4	600	600	600	74	0	0.041	4	1.0
Locus110	set_104	4	600	600	600	83	0	0.054	2	1.0
Locus111	set_104	4	600	600	600	81	0	0.047	1	1.0
Locus112	set_104	4	600	600	600	88	0	0.043	2	1.0
Locus113	set_104	4	600	600	600	85	0	0.042	2	1.0
Locus114	set_104	4	600	600	600	79	0	0.047	4	1.0
Locus115	set_104	4	600	600	600	81	0	0.049	3	1.0
Locus116	set_104	4	600	600	600	81	0	0.038	7	1.0
Locus117	set_104	4	600	600	600	81	0	0.053	6	1.0
Locus118	set_104	4	600	600	600	80	0	0.046	3	1.0
Locus119	set_104	4	600	600	600	84	0	0.040	3	1.0
Locus120	set_104	4	600	600	600	87	0	0.047	0	1.0
Locus121	set_104	4	600	600	600	84	0	0.054	2	1.0
Locus122	set_104	4	600	600	600	80	0	0.041	3	1.0
Locus123	set_104	4	600	600	600	82	0	0.047	3	1.0
Locus124	set_104	4	600	600	600	79	0	0.046	3	1.0
Locus125	set_104	4	600	600	600	81	0	0.036	2	1.0
Locus126	set_104	4	600	600	600	78	0	0.038	8	1.0
Locus127	set_104	4	600	600	600	78	0	0.037	2	1.0
Locus128	set_104	4	600	600	600	87	0	0.035	5	1.0
Locus129	set_104	4	600	600	600	83	0	0.051	3	1.0
Locus130	set_104	4	600	600	600	82	0	0.052	1	1.0
Locus131	set_104	4	600	600	600	77	0	0.047	7	1.0
Locus132	set_104	4	600	600	600	83	0	0.044	4	1.0
Locus133	set_104	4	600	600	600	80	0	0.059	0	1.0
Locus134	set_104	4	600	600	600	82	0	0.042	3	1.0
Locus135	set_104	4	600	600	600	86	0	0.053	1	1.0
Locus136	set_104	4	600	600	600	79	0	0.054	6	1.0
Locus137	set_104	4	600	600	600	81	0	0.055	1	1.0
Locus138	set_104	4	600	600	600	86	0	0.046	4	1.0
Locus139	set_104	4	600	600	600	87	0	0.047	1	1.0
Locus140	set_104	4	600	600	600	81	0	0.045	4	1.0
Locus141	set_104	4	600	600	600	86	0	0.053	4	1.0
Locus142	set_104	4	600	600	600	77	0	0.049	3	1.0
Locus143	set_104	4	600	600	600	84	0	0.043	2	1.0
Locus144	set_104	4	600	600	600	84	0	0.048	3	1.0
Locus145	set_104	4	600	600	600	83	0	0.044	6	1.0
Locus146	set_104	4	600	600	600	79	0	0.044	4	1.0
Locus147	set_104	4	600	600	600	82	0	0.054	7	1.0
Locus148	set_104	4	600	600	600	79	0	0.040	2	1.0
Locus149	set_104	4	600	600	600	81	0	0.043	4	1.0
Locus150	set_104	4	600	600	600	80	0	0.047	0	1.0
Locus151	set_104	4	600	600	600	78	0	0.058	2	1.0
Locus152	set_104	4	600	600	600	78	0	0.055	3	1.0
Locus153	set_104	4	600	600	600	81	0	0.050	2	1.0
Locus154	set_104	4	600	600	600	79	0	0.049	2	1.0
Locus155	set_104	4	600	600	600	81	0	0.054	4	1.0
Locus156	set_104	4	600	600	600	85	0	0.045	5	1.0
Locus157	set_104	4	600	600	600	83	0	0.047	1	1.0
Locus158	set_104	4	600	600	600	82	0	0.068	1	1.0
Locus159	set_104	4	600	600	600	80	0	0.044	1	1.0
Locus160	set_104	4	600	600	600	85	0	0.050	4	1.0
Locus161	set_104	4	600	600	600	82	0	0.048	4	1.0
Locus162	set_104	4	600	600	600	80	0	0.055	2	1.0
Locus163	set_104	4	600	600	600	80	0	0.055	2	1.0
Locus164	set_104	4	600	600	600	82	0	0.043	4	1.0
Locus165	set_104	4	600	600	600	84	0	0.035	4	1.0
Locus166	set_104	4	600	600	600	84	0	0.054	0	1.0
Locus167	set_104	4	600	600	600	80	0	0.056	2	1.0
Locus168	set_104	4	600	600	600	86	0	0.047	1	1.0
Locus169	set_104	4	600	600	600	83	0	0.043	1	1.0
Locus170	set_104	4	600	600	600	85	0	0.056	3	1.0
Locus171	set_104	4	600	600	600	83	0	0.036	2	1.0
Locus172	set_104	4	600	600	600	79	0	0.050	5	1.0
Locus173	set_104	4	600	600	600	85	0	0.046	2	1.0
Locus174	set_104	4	600	600	600	68	0	0.049	1	1.0
Locus175	set_104	4	600	600	600	85	0	0.052	2	1.0
Locus176	set_104	4	600	600	600	80	0	0.047	2	1.0
Locus177	set_104	4	600	600	600	76	0	0.045	4	1.0
Locus178	set_104	4	600	600	600	85	0	0.046	3	1.0
Locus179	set_104	4	600	600	600	79	0	0.051	1	1.0
Locus180	set_104	4	600	600	600	85	0	0.056	4	1.0
Locus181	set_104	4	600	600	600	83	0	0.050	1	1.0
Locus182	set_104	4	600	600	600	78	0	0.035	6	1.0
Locus183	set_104	4	600	600	600	81	0	0.045	7	1.0
Locus184	set_104	4	600	600	600	82	0	0.052	2	1.0
Locus185	set_104	4	600	600	600	79	0	0.057	0	1.0
Locus186	set_104	4	600	600	600	83	0	0.041	3	1.0
Locus187	set_104	4	600	600	600	80	0	0.044	5	1.0
Locus188	set_104	4	600	600	600	82	0	0.054	5	1.0
Locus189	set_104	4	600	600	600	78	0	0.043	1	1.0
Locus190	set_104	4	600	600	600	83	0	0.059	0	1.0
Locus191	set_104	4	600	600	600	80	0	0.049	0	1.0
Locus192	set_104	4	600	600	600	83	0	0.049	1	1.0
Locus193	set_104	4	600	600	600	79	0	0.054	1	1.0
Locus194	set_104	4	600	600	600	84	0	0.049	0	1.0
Locus195	set_104	4	600	600	600	83	0	0.033	2	1.0
Locus196	set_104	4	600	600	600	80	0	0.047	1	1.0
Locus197	set_104	4	600	600	600	80	0	0.053	2	1.0
Locus198	set_104	4	600	600	600	82	0	0.049	1	1.0
Locus199	set_104	4	600	600	600	82	0	0.051	3	1.0
Locus200	set_104	4	600	600	600	82	0	0.037	4	1.0
Locus201	set_104	4	600	600	600	82	0	0.054	1	1.0
Locus202	set_104	4	600	600	600	89	0	0.054	3	1.0
Locus203	set_104	4	600	600	600	83	0	0.045	4	1.0
Locus204	set_104	4	600	600	600	82	0	0.053	1	1.0
Locus205	set_104	4	600	600	600	84	0	0.051	0	1.0
Locus206	set_104	4	600	600	600	85	0	0.042	7	1.0
Locus207	set_104	4	600	600	600	86	0	0.035	5	1.0
Locus208	set_104	4	600	600	600	79	0	0.046	6	1.0
Locus209	set_104	4	600	600	600	83	0	0.040	3	1.0
Locus210	set_104	4	600	600	600	78	0	0.045	6	1.0
Locus211	set_104	4	600	600	600	81	0	0.033	7	1.0
Locus212	set_104	4	600	600	600	81	0	0.051	2	1.0
Locus213	set_104	4	600	600	600	83	0	0.063	2	1.0
Locus214	set_104	4	600	600	600	82	0	0.045	6	1.0
Locus215	set_104	4	600	600	600	84	0	0.041	4	1.0
Locus216	set_104	4	600	600	600	83	0	0.036	4	1.0
Locus217	set_104	4	600	600	600	85	0	0.050	1	1.0
Locus218	set_104	4	600	600	600	76	0	0.046	4	1.0
Locus219	set_104	4	600	600	600	81	0	0.047	3	1.0
Locus220	set_104	4	600	600	600	80	0	0.052	3	1.0
Locus221	set_104	4	600	600	600	86	0	0.047	3	1.0
Locus222	set_104	4	600	600	600	80	0	0.055	3	1.0
Locus223	set_104	4	600	600	600	86	0	0.052	3	1.0
Locus224	set_104	4	600	600	600	80	0	0.047	3	1.0
Locus225	set_104	4	600	600	600	84	0	0.059	0	1.0
Locus226	set_104	4	600	600	600	81	0	0.054	4	1.0
Locus227	set_104	4	600	600	600	81	0	0.054	NA	1.0
Locus228	set_104	4	600	600	600	87	0	0.058	2	1.0
Locus229	set_104	4	600	600	600	82	0	0.044	5	1.0
Locus230	set_104	4	600	600	600	85	0	0.054	3	1.0
Locus231	set_104	4	600	600	600	83	0	0.046	3	1.0
Locus232	set_104	4	600	600	600	80	0	0.056	3	1.0
Locus233	set_104	4	600	600	600	86	0	0.032	2	1.0
Locus234	set_104	4	600	600	600	85	0	0.043	0	1.0
Locus235	set_104	4	600	600	600	85	0	0.041	4	1.0
Locus236	set_104	4	600	600	600	81	0	0.056	4	1.0
Locus237	set_104	4	600	600	600	82	0	0.058	2	1.0
Locus238	set_104	4	600	600	600	82	0	0.053	2	1.0
Locus239	set_104	4	600	600	600	81	0	0.048	4	1.0
Locus240	set_104	4	600	600	600	83	0	0.042	0	1.0
Locus241	set_104	4	600	600	600	79	0	0.061	3	1.0
Locus242	set_104	4	600	600	600	79	0	0.036	3	1.0
Locus243	set_104	4	600	600	600	77	0	0.051	3	1.0
Locus244	set_104	4	600	600	600	78	0	0.049	6	1.0
Locus245	set_104	4	600	600	600	80	0	0.051	1	1.0
Locus246	set_104	4	600	600	600	79	0	0.036	0	1.0
Locus247	set_104	4	600	600	600	86	0	0.039	3	1.0
Locus248	set_104	4	600	600	600	81	0	0.049	4	1.0
Locus249	set_104	4	600	600	600	76	0	0.047	4	1.0
Locus250	set_104	4	600	600	600	77	0	0.059	3	1.0
Locus251	set_104	4	600	600	600	87	0	0.055	0	1.0
Locus252	set_104	4	600	600	600	75	0	0.044	5	1.0
Locus253	set_104	4	600	600	600	85	0	0.047	3	1.0
Locus254	set_104	4	600	600	600	78	0	0.048	0	1.0
Locus255	set_104	4	600	600	600	87	0	0.056	0	1.0
Locus256	set_104	4	600	600	600	84	0	0.041	4	1.0
Locus257	set_104	4	600	600	600	81	0	0.049	3	1.0
Locus258	set_104	4	600	600	600	80	0	0.049	4	1.0
Locus259	set_104	4	600	600	600	89	0	0.045	2	1.0
Locus260	set_104	4	600	600	600	83	0	0.042	1	1.0
Locus261	set_104	4	600	600	600	81	0	0.050	2	1.0
Locus262	set_104	4	600	600	600	79	0	0.049	7	1.0
Locus263	set_104	4	600	600	600	82	0	0.055	2	1.0
Locus264	set_104	4	600	600	600	83	0	0.040	4	1.0
Locus265	set_104	4	600	600	600	86	0	0.048	2	1.0
Locus266	set_104	4	600	600	600	81	0	0.041	5	1.0
Locus267	set_104	4	600	600	600	81	0	0.046	1	1.0
Locus268	set_104	4	600	600	600	79	0	0.055	5	1.0
Locus269	set_104	4	600	600	600	80	0	0.040	6	1.0
Locus270	set_104	4	600	600	600	85	0	0.034	1	1.0
Locus271	set_104	4	600	600	600	82	0	0.050	3	1.0
Locus272	set_104	4	600	600	600	87	0	0.034	0	1.0
Locus273	set_104	4	600	600	600	82	0	0.049	2	1.0
Locus274	set_104	4	600	600	600	84	0	0.048	2	1.0
Locus275	set_104	4	600	600	600	82	0	0.062	0	1.0
Locus276	set_104	4	600	600	600	87	0	0.052	2	1.0
Locus277	set_104	4	600	600	600	83	0	0.052	1	1.0
Locus278	set_104	4	600	600	600	78	0	0.048	1	1.0
Locus279	set_104	4	600	600	600	83	0	0.041	2	1.0
Locus280	set_104	4	600	600	600	86	0	0.043	6	1.0
Locus281	set_104	4	600	600	600	85	0	0.055	2	1.0
Locus282	set_104	4	600	600	600	80	0	0.051	3	1.0
Locus283	set_104	4	600	600	600	81	0	0.050	3	1.0
Locus284	set_104	4	600	600	600	85	0	0.043	5	1.0
Locus285	set_104	4	600	600	600	82	0	0.062	4	1.0
Locus286	set_104	4	600	600	600	84	0	0.044	5	1.0
Locus287	set_104	4	600	600	600	82	0	0.044	NA	1.0
Locus288	set_104	4	600	600	600	85	0	0.055	3	1.0
Locus289	set_104	4	600	600	600	85	0	0.052	0	1.0
Locus290	set_104	4	600	600	600	80	0	0.051	3	1.0
Locus291	set_104	4	600	600	600	75	0	0.046	3	1.0
Locus292	set_104	4	600	600	600	86	0	0.046	3	1.0
Locus293	set_104	4	600	600	600	87	0	0.046	2	1.0
Locus294	set_104	4	600	600	600	82	0	0.059	2	1.0
Locus295	set_104	4	600	600	600	85	0	0.043	5	1.0
Locus296	set_104	4	600	600	600	84	0	0.036	4	1.0
Locus297	set_104	4	600	600	600	82	0	0.046	3	1.0
Locus298	set_104	4	600	600	600	82	0	0.061	2	1.0
Locus299	set_104	4	600	600	600	84	0	0.045	3	1.0
Locus300	set_104	4	600	600	600	81	0	0.054	2	1.0
Locus301	set_104	4	600	600	600	82	0	0.038	2	1.0
Locus302	set_104	4	600	600	600	80	0	0.053	4	1.0
Locus303	set_104	4	600	600	600	81	0	0.046	0	1.0
Locus304	set_104	4	600	600	600	85	0	0.051	4	1.0
Locus305	set_104	4	600	600	600	85	0	0.048	2	1.0
Locus306	set_104	4	600	600	600	85	0	0.052	2	1.0
Locus307	set_104	4	600	600	600	81	0	0.041	3	1.0
Locus308	set_104	4	600	600	600	82	0	0.046	5	1.0
Locus309	set_104	4	600	600	600	81	0	0.043	4	1.0
Locus310	set_104	4	600	600	600	87	0	0.041	0	1.0
Locus311	set_104	4	600	600	600	77	0	0.045	4	1.0
Locus312	set_104	4	600	600	600	79	0	0.045	3	1.0
Locus313	set_104	4	600	600	600	84	0	0.050	0	1.0
Locus314	set_104	4	600	600	600	77	0	0.049	4	1.0
Locus315	set_104	4	600	600	600	79	0	0.050	2	1.0
Locus316	set_104	4	600	600	600	81	0	0.050	4	1.0
Locus317	set_104	4	600	600	600	83	0	0.047	1	1.0
Locus318	set_104	4	600	600	600	85	0	0.051	1	1.0
Locus319	set_104	4	600	600	600	86	0	0.043	NA	1.0
Locus320	set_104	4	600	600	600	82	0	0.057	2	1.0
Locus321	set_104	4	600	600	600	82	0	0.050	5	1.0
Locus322	set_104	4	600	600	600	78	0	0.050	2	1.0
Locus323	set_104	4	600	600	600	80	0	0.052	3	1.0
Locus324	set_104	4	600	600	600	78	0	0.060	3	1.0
Locus325	set_104	4	600	600	600	79	0	0.053	3	1.0
Locus326	set_104	4	600	600	600	83	0	0.054	2	1.0
Locus327	set_104	4	600	600	600	81	0	0.049	1	1.0
Locus328	set_104	4	600	600	600	85	0	0.044	3	1.0
Locus329	set_104	4	600	600	600	79	0	0.056	3	1.0
Locus330	set_104	4	600	600	600	80	0	0.057	2	1.0
Locus331	set_104	4	600	600	600	86	0	0.041	5	1.0
Locus332	set_104	4	600	600	600	85	0	0.041	2	1.0
Locus333	set_104	4	600	600	600	87	0	0.045	3	1.0
Locus334	set_104	4	600	600	600	83	0	0.045	4	1.0
Locus335	set_104	4	600	600	600	83	0	0.046	5	1.0
Locus336	set_104	4	600	600	600	86	0	0.054	2	1.0
Locus337	set_104	4	600	600	600	79	0	0.046	3	1.0
Locus338	set_104	4	600	600	600	83	0	0.049	5	1.0
Locus339	set_104	4	600	600	600	81	0	0.049	2	1.0
Locus340	set_104	4	600	600	600	81	0	0.051	4	1.0
Locus341	set_104	4	600	600	600	84	0	0.054	0	1.0
Locus342	set_104	4	600	600	600	84	0	0.037	3	1.0
Locus343	set_104	4	600	600	600	81	0	0.044	4	1.0
Locus344	set_104	4	600	600	600	86	0	0.043	1	1.0
Locus345	set_104	4	600	600	600	84	0	0.047	3	1.0
Locus346	set_104	4	600	600	600	82	0	0.051	2	1.0
Locus347	set_104	4	600	600	600	80	0	0.051	2	1.0
Locus348	set_104	4	600	600	600	84	0	0.040	2	1.0
Locus349	set_104	4	600	600	600	83	0	0.044	1	1.0
Locus350	set_104	4	600	600	600	82	0	0.050	1	1.0
Locus351	set_104	4	600	600	600	86	0	0.047	6	1.0
Locus352	set_104	4	600	600	600	84	0	0.047	3	1.0
Locus353	set_104	4	600	600	600	82	0	0.054	3	1.0
Locus354	set_104	4	600	600	600	77	0	0.044	2	1.0
Locus355	set_104	4	600	600	600	84	0	0.046	0	1.0
Locus356	set_104	4	600	600	600	81	0	0.055	3	1.0
Locus357	set_104	4	600	600	600	86	0	0.064	1	1.0
Locus358	set_104	4	600	600	600	80	0	0.054	0	1.0
Locus359	set_104	4	600	600	600	83	0	0.062	3	1.0
Locus360	set_104	4	600	600	600	77	0	0.038	4	1.0
Locus361	set_104	4	600	600	600	81	0	0.045	5	1.0
Locus362	set_104	4	600	600	600	84	0	0.050	1	1.0
Locus363	set_104	4	600	600	600	86	0	0.058	1	1.0
Locus364	set_104	4	600	600	600	86	0	0.048	2	1.0
Locus365	set_104	4	600	600	600	86	0	0.045	3	1.0
Locus366	set_104	4	600	600	600	82	0	0.044	2	1.0
Locus367	set_104	4	600	600	600	84	0	0.041	2	1.0
Locus368	set_104	4	600	600	600	81	0	0.044	6	1.0
Locus369	set_104	4	600	600	600	80	0	0.056	1	1.0
Locus370	set_104	4	600	600	600	80	0	0.046	4	1.0
Locus371	set_104	4	600	600	600	76	0	0.049	3	1.0
Locus372	set_104	4	600	600	600	83	0	0.053	4	1.0
Locus373	set_104	4	600	600	600	83	0	0.049	6	1.0
Locus374	set_104	4	600	600	600	84	0	0.049	3	1.0
Locus375	set_104	4	600	600	600	87	0	0.047	0	1.0
Locus376	set_104	4	600	600	600	84	0	0.061	2	1.0
Locus377	set_104	4	600	600	600	82	0	0.055	2	1.0
Locus378	set_104	4	600	600	600	82	0	0.043	4	1.0
Locus379	set_104	4	600	600	600	81	0	0.051	3	1.0
Locus380	set_104	4	600	600	600	81	0	0.049	3	1.0
Locus381	set_104	4	600	600	600	86	0	0.053	0	1.0
Locus382	set_104	4	600	600	600	84	0	0.044	4	1.0
Locus383	set_104	4	600	600	600	81	0	0.067	NA	1.0
Locus384	set_104	4	600	600	600	82	0	0.055	2	1.0
Locus385	set_104	4	600	600	600	80	0	0.045	0	1.0
Locus386	set_104	4	600	600	600	82	0	0.048	2	1.0
Locus387	set_104	4	600	600	600	77	0	0.055	0	1.0
Locus388	set_104	4	600	600	600	86	0	0.045	6	1.0
Locus389	set_104	4	600	600	600	81	0	0.048	1	1.0
Locus390	set_104	4	600	600	600	84	0	0.036	5	1.0
Locus391	set_104	4	600	600	600	78	0	0.062	3	1.0
Locus392	set_104	4	600	600	600	82	0	0.048	3	1.0
Locus393	set_104	4	600	600	600	79	0	0.050	4	1.0
Locus394	set_104	4	600	600	600	80	0	0.048	3	1.0
Locus395	set_104	4	600	600	600	83	0	0.045	2	1.0
Locus396	set_104	4	600	600	600	86	0	0.059	1	1.0
Locus397	set_104	4	600	600	600	80	0	0.038	3	1.0
Locus398	set_104	4	600	600	600	81	0	0.038	5	1.0
Locus399	set_104	4	600	600	600	80	0	0.052	2	1.0
Locus400	set_104	4	600	600	600	84	0	0.043	4	1.0
Locus401	set_104	4	600	600	600	83	0	0.041	3	1.0
Locus402	set_104	4	600	600	600	84	0	0.054	3	1.0
Locus403	set_104	4	600	600	600	85	0	0.036	3	1.0
Locus404	set_104	4	600	600	600	83	0	0.045	3	1.0
Locus405	set_104	4	600	600	600	77	0	0.056	1	1.0
Locus406	set_104	4	600	600	600	84	0	0.057	2	1.0
Locus407	set_104	4	600	600	600	74	0	0.054	4	1.0
Locus408	set_104	4	600	600	600	76	0	0.056	4	1.0
Locus409	set_104	4	600	600	600	82	0	0.047	2	1.0
Locus410	set_104	4	600	600	600	81	0	0.043	5	1.0
Locus411	set_104	4	600	600	600	84	0	0.061	0	1.0
Locus412	set_104	4	600	600	600	85	0	0.047	4	1.0
Locus413	set_104	4	600	600	600	80	0	0.046	3	1.0
Locus414	set_104	4	600	600	600	81	0	0.050	2	1.0
Locus415	set_104	4	600	600	600	84	0	0.060	2	1.0
Locus416	set_104	4	600	600	600	85	0	0.036	1	1.0
Locus417	set_104	4	600	600	600	82	0	0.041	2	1.0
Locus418	set_104	4	600	600	600	84	0	0.052	3	1.0
Locus419	set_104	4	600	600	600	82	0	0.055	2	1.0
Locus420	set_104	4	600	600	600	78	0	0.061	2	1.0
Locus421	set_104	4	600	600	600	81	0	0.044	4	1.0
Locus422	set_104	4	600	600	600	82	0	0.037	1	1.0
Locus423	set_104	4	600	600	600	80	0	0.044	2	1.0
Locus424	set_104	4	600	600	600	86	0	0.046	2	1.0
Locus425	set_104	4	600	600	600	83	0	0.046	4	1.0
Locus426	set_104	4	600	600	600	83	0	0.056	0	1.0
Locus427	set_104	4	600	600	600	86	0	0.032	2	1.0
Locus428	set_104	4	600	600	600	86	0	0.060	2	1.0
Locus429	set_104	4	600	600	600	81	0	0.037	4	1.0
Locus430	set_104	4	600	600	600	83	0	0.052	1	1.0
Locus431	set_104	4	600	600	600	84	0	0.063	0	1.0
Locus432	set_104	4	600	600	600	86	0	0.047	4	1.0
Locus433	set_104	4	600	600	600	78	0	0.045	4	1.0
Locus434	set_104	4	600	600	600	82	0	0.042	5	1.0
Locus435	set_104	4	600	600	600	86	0	0.053	1	1.0
Locus436	set_104	4	600	600	600	85	0	0.043	3	1.0
Locus437	set_104	4	600	600	600	66	0	0.051	0	1.0
Locus438	set_104	4	600	600	600	80	0	0.039	4	1.0
Locus439	set_104	4	600	600	600	84	0	0.045	3	1.0
Locus440	set_104	4	600	600	600	85	0	0.051	3	1.0
Locus441	set_104	4	600	600	600	85	0	0.053	3	1.0
Locus442	set_104	4	600	600	600	80	0	0.047	0	1.0
Locus443	set_104	4	600	600	600	86	0	0.048	1	1.0
Locus444	set_104	4	600	600	600	79	0	0.049	2	1.0
Locus445	set_104	4	600	600	600	77	0	0.057	1	1.0
Locus446	set_104	4	600	600	600	84	0	0.051	0	1.0
Locus447	set_104	4	600	600	600	83	0	0.046	4	1.0
Locus448	set_104	4	600	600	600	79	0	0.054	5	1.0
Locus449	set_104	4	600	600	600	86	0	0.044	4	1.0
Locus450	set_104	4	600	600	600	78	0	0.054	5	1.0
Locus451	set_104	4	600	600	600	78	0	0.059	0	1.0
Locus452	set_104	4	600	600	600	78	0	0.052	4	1.0
Locus453	set_104	4	600	600	600	86	0	0.041	3	1.0
Locus454	set_104	4	600	600	600	84	0	0.051	2	1.0
Locus455	set_104	4	600	600	600	77	0	0.044	3	1.0
Locus456	set_104	4	600	600	600	82	0	0.040	6	1.0
Locus457	set_104	4	600	600	600	76	0	0.048	2	1.0
Locus458	set_104	4	600	600	600	82	0	0.043	5	1.0
Locus459	set_104	4	600	600	600	84	0	0.045	3	1.0
Locus460	set_104	4	600	600	600	80	0	0.053	0	1.0
Locus461	set_104	4	600	600	600	84	0	0.043	3	1.0
Locus462	set_104	4	600	600	600	86	0	0.045	0	1.0
Locus463	set_104	4	600	600	600	84	0	0.054	3	1.0
Locus464	set_104	4	600	600	600	86	0	0.051	1	1.0
Locus465	set_104	4	600	600	600	77	0	0.058	3	1.0
Locus466	set_104	4	600	600	600	82	0	0.049	0	1.0
Locus467	set_104	4	600	600	600	84	0	0.051	3	1.0
Locus468	set_104	4	600	600	600	80	0	0.043	3	1.0
Locus469	set_104	4	600	600	600	83	0	0.044	4	1.0
Locus470	set_104	4	600	600	600	78	0	0.045	4	1.0
Locus471	set_104	4	600	600	600	82	0	0.041	1	1.0
Locus472	set_104	4	600	600	600	85	0	0.039	2	1.0
Locus473	set_104	4	600	600	600	83	0	0.043	1	1.0
Locus474	set_104	4	600	600	600	83	0	0.034	4	1.0
Locus475	set_104	4	600	600	600	85	0	0.043	5	1.0
Locus476	set_104	4	600	600	600	87	0	0.046	4	1.0
Locus477	set_104	4	600	600	600	81	0	0.043	9	1.0
Locus478	set_104	4	600	600	600	78	0	0.046	0	1.0
Locus479	set_104	4	600	600	600	79	0	0.045	4	1.0
Locus480	set_104	4	600	600	600	83	0	0.044	NA	1.0
Locus481	set_104	4	600	600	600	79	0	0.049	5	1.0
Locus482	set_104	4	600	600	600	85	0	0.055	3	1.0
Locus483	set_104	4	600	600	600	81	0	0.046	4	1.0
Locus484	set_104	4	600	600	600	88	0	0.040	2	1.0
Locus485	set_104	4	600	600	600	76	0	0.053	2	1.0
Locus486	set_104	4	600	600	600	83	0	0.049	3	1.0
Locus487	set_104	4	600	600	600	81	0	0.060	0	1.0
Locus488	set_104	4	600	600	600	79	0	0.041	6	1.0
Locus489	set_104	4	600	600	600	86	0	0.062	2	1.0
Locus490	set_104	4	600	600	600	82	0	0.041	0	1.0
Locus491	set_104	4	600	600	600	88	0	0.049	1	1.0
Locus492	set_104	4	600	600	600	82	0	0.053	4	1.0
Locus493	set_104	4	600	600	600	80	0	0.047	3	1.0
Locus494	set_104	4	600	600	600	81	0	0.048	4	1.0
Locus495	set_104	4	600	600	600	84	0	0.042	5	1.0
Locus496	set_104	4	600	600	600	85	0	0.059	4	1.0
Locus497	set_104	4	600	600	600	86	0	0.044	2	1.0
Locus498	set_104	4	600	600	600	84	0	0.044	5	1.0
Locus499	set_104	4	600	600	600	80	0	0.055	2	1.0
Locus500	set_104	4	600	600	600	78	0	0.066	0	1.0
Locus501	set_104	4	600	600	600	81	0	0.046	4	1.0
Locus502	set_104	4	600	600	600	81	0	0.053	4	1.0
Locus503	set_104	4	600	600	600	83	0	0.041	6	1.0
Locus504	set_104	4	600	600	600	79	0	0.043	5	1.0
Locus505	set_104	4	600	600	600	83	0	0.044	4	1.0
Locus506	set_104	4	600	600	600	81	0	0.047	6	1.0
Locus507	set_104	4	600	600	600	82	0	0.057	3	1.0
Locus508	set_104	4	600	600	600	80	0	0.049	2	1.0
Locus509	set_104	4	600	600	600	79	0	0.054	1	1.0
Locus510	set_104	4	600	600	600	84	0	0.049	2	1.0
Locus511	set_104	4	600	600	600	83	0	0.053	2	1.0
Locus512	set_104	4	600	600	600	81	0	0.035	2	1.0
Locus513	set_104	4	600	600	600	76	0	0.055	2	1.0
Locus514	set_104	4	600	600	600	81	0	0.050	0	1.0
Locus515	set_104	4	600	600	600	82	0	0.042	2	1.0
Locus516	set_104	4	600	600	600	80	0	0.047	5	1.0
Locus517	set_104	4	600	600	600	83	0	0.053	2	1.0
Locus518	set_104	4	600	600	600	82	0	0.058	2	1.0
Locus519	set_104	4	600	600	600	83	0	0.048	NA	1.0
Locus520	set_104	4	600	600	600	81	0	0.045	2	1.0
Locus521	set_104	4	600	600	600	88	0	0.048	1	1.0
Locus522	set_104	4	600	600	600	84	0	0.050	3	1.0
Locus523	set_104	4	600	600	600	85	0	0.055	1	1.0
Locus524	set_104	4	600	600	600	80	0	0.050	0	1.0
Locus525	set_104	4	600	600	600	83	0	0.051	0	1.0
Locus526	set_104	4	600	600	600	83	0	0.047	5	1.0
Locus527	set_104	4	600	600	600	81	0	0.044	5	1.0
Locus528	set_104	4	600	600	600	82	0	0.039	3	1.0
Locus529	set_104	4	600	600	600	81	0	0.044	4	1.0
Locus530	set_104	4	600	600	600	80	0	0.038	4	1.0
Locus531	set_104	4	600	600	600	83	0	0.055	3	1.0
Locus532	set_104	4	600	600	600	86	0	0.059	2	1.0
Locus533	set_104	4	600	600	600	83	0	0.046	5	1.0
Locus534	set_104	4	600	600	600	84	0	0.048	2	1.0
Locus535	set_104	4	600	600	600	81	0	0.046	4	1.0
Locus536	set_104	4	600	600	600	82	0	0.046	4	1.0
Locus537	set_104	4	600	600	600	84	0	0.051	3	1.0
Locus538	set_104	4	600	600	600	80	0	0.046	1	1.0
Locus539	set_104	4	600	600	600	80	0	0.036	3	1.0
Locus540	set_104	4	600	600	600	84	0	0.040	2	1.0
Locus541	set_104	4	600	600	600	85	0	0.047	6	1.0
Locus542	set_104	4	600	600	600	83	0	0.044	1	1.0
Locus543	set_104	4	600	600	600	87	0	0.055	2	1.0
Locus544	set_104	4	600	600	600	83	0	0.045	3	1.0
Locus545	set_104	4	600	600	600	84	0	0.046	0	1.0
Locus546	set_104	4	600	600	600	80	0	0.051	4	1.0
Locus547	set_104	4	600	600	600	78	0	0.058	2	1.0
Locus548	set_104	4	600	600	600	85	0	0.044	1	1.0
Locus549	set_104	4	600	600	600	79	0	0.052	1	1.0
Locus550	set_104	4	600	600	600	86	0	0.055	2	1.0
Locus551	set_104	4	600	600	600	83	0	0.055	5	1.0
Locus552	set_104	4	600	600	600	83	0	0.045	2	1.0
Locus553	set_104	4	600	600	600	77	0	0.045	0	1.0
Locus554	set_104	4	600	600	600	82	0	0.043	3	1.0
Locus555	set_104	4	600	600	600	81	0	0.048	2	1.0
Locus556	set_104	4	600	600	600	79	0	0.049	1	1.0
Locus557	set_104	4	600	600	600	85	0	0.048	4	1.0
Locus558	set_104	4	600	600	600	87	0	0.057	1	1.0
Locus559	set_104	4	600	600	600	87	0	0.055	2	1.0
Locus560	set_104	4	600	600	600	72	0	0.051	4	1.0
Locus561	set_104	4	600	600	600	83	0	0.052	1	1.0
Locus562	set_104	4	600	600	600	82	0	0.046	4	1.0
Locus563	set_104	4	600	600	600	79	0	0.048	0	1.0
Locus564	set_104	4	600	600	600	81	0	0.045	3	1.0
Locus565	set_104	4	600	600	600	81	0	0.053	6	1.0
Locus566	set_104	4	600	600	600	81	0	0.038	1	1.0
Locus567	set_104	4	600	600	600	81	0	0.050	7	1.0
Locus568	set_104	4	600	600	600	81	0	0.051	4	1.0
Locus569	set_104	4	600	600	600	81	0	0.052	2	1.0
Locus570	set_104	4	600	600	600	85	0	0.050	5	1.0
Locus571	set_104	4	600	600	600	77	0	0.050	3	1.0
Locus572	set_104	4	600	600	600	86	0	0.052	4	1.0
Locus573	set_104	4	600	600	600	85	0	0.054	2	1.0
Locus574	set_104	4	600	600	600	78	0	0.059	2	1.0
Locus575	set_104	4	600	600	600	78	0	0.050	4	1.0
Locus576	set_104	4	600	600	600	78	0	0.049	4	1.0
Locus577	set_104	4	600	600	600	84	0	0.053	2	1.0
Locus578	set_104	4	600	600	600	79	0	0.053	6	1.0
Locus579	set_104	4	600	600	600	85	0	0.041	2	1.0
Locus580	set_104	4	600	600	600	85	0	0.056	4	1.0
Locus581	set_104	4	600	600	600	83	0	0.045	1	1.0
Locus582	set_104	4	600	600	600	81	0	0.041	5	1.0
Locus583	set_104	4	600	600	600	86	0	0.039	1	1.0
Locus584	set_104	4	600	600	600	75	0	0.058	1	1.0
Locus585	set_104	4	600	600	600	84	0	0.054	3	1.0
Locus586	set_104	4	600	600	600	81	0	0.057	1	1.0
Locus587	set_104	4	600	600	600	78	0	0.058	3	1.0
Locus588	set_104	4	600	600	600	83	0	0.053	1	1.0
Locus589	set_104	4	600	600	600	82	0	0.059	1	1.0
Locus590	set_104	4	600	600	600	84	0	0.044	3	1.0
Locus591	set_104	4	600	600	600	74	0	0.048	0	1.0
Locus592	set_104	4	600	600	600	79	0	0.055	1	1.0
Locus593	set_104	4	600	600	600	87	0	0.044	5	1.0
Locus594	set_104	4	600	600	600	84	0	0.062	NA	1.0
Locus595	set_104	4	600	600	600	78	0	0.058	5	1.0
Locus596	set_104	4	600	600	600	81	0	0.050	3	1.0
Locus597	set_104	4	600	600	600	83	0	0.049	3	1.0
Locus598	set_104	4	600	600	600	82	0	0.051	6	1.0
Locus599	set_104	4	600	600	600	85	0	0.054	2	1.0
Locus600	set_104	4	600	600	600	80	0	0.039	9	1.0
Locus601	set_104	4	600	600	600	87	0	0.043	3	1.0
Locus602	set_104	4	600	600	600	78	0	0.056	0	1.0
Locus603	set_104	4	600	600	600	79	0	0.040	5	1.0
Locus604	set_104	4	600	600	600	84	0	0.048	1	1.0
Locus605	set_104	4	600	600	600	82	0	0.053	2	1.0
Locus606	set_104	4	600	600	600	86	0	0.052	1	1.0
Locus607	set_104	4	600	600	600	84	0	0.049	6	1.0
Locus608	set_104	4	600	600	600	82	0	0.061	0	1.0
Locus609	set_104	4	600	600	600	81	0	0.049	2	1.0
Locus610	set_104	4	600	600	600	85	0	0.052	2	1.0
Locus611	set_104	4	600	600	600	81	0	0.039	3	1.0
Locus612	set_104	4	600	600	600	80	0	0.035	5	1.0
Locus613	set_104	4	600	600	600	84	0	0.042	4	1.0
Locus614	set_104	4	600	600	600	84	0	0.044	1	1.0
Locus615	set_104	4	600	600	600	77	0	0.048	3	1.0
Locus616	set_104	4	600	600	600	85	0	0.047	0	1.0
Locus617	set_104	4	600	600	600	87	0	0.058	1	1.0
Locus618	set_104	4	600	600	600	78	0	0.054	3	1.0
Locus619	set_104	4	600	600	600	81	0	0.053	5	1.0
Locus620	set_104	4	600	600	600	87	0	0.060	4	1.0
Locus621	set_104	4	600	600	600	86	0	0.038	5	1.0
Locus622	set_104	4	600	600	600	83	0	0.045	4	1.0
Locus623	set_104	4	600	600	600	85	0	0.045	1	1.0
Locus624	set_104	4	600	600	600	87	0	0.043	5	1.0
Locus625	set_104	4	600	600	600	77	0	0.050	3	1.0
Locus626	set_104	4	600	600	600	84	0	0.042	3	1.0
Locus627	set_104	4	600	600	600	79	0	0.047	5	1.0
Locus628	set_104	4	600	600	600	83	0	0.057	1	1.0
Locus629	set_104	4	600	600	600	82	0	0.052	4	1.0
Locus630	set_104	4	600	600	600	81	0	0.050	0	1.0
Locus631	set_104	4	600	600	600	81	0	0.060	2	1.0
Locus632	set_104	4	600	600	600	86	0	0.043	2	1.0
Locus633	set_104	4	600	600	600	85	0	0.049	3	1.0
Locus634	set_104	4	600	600	600	84	0	0.043	5	1.0
Locus635	set_104	4	600	600	600	85	0	0.045	2	1.0
Locus636	set_104	4	600	600	600	83	0	0.046	5	1.0
Locus637	set_104	4	600	600	600	84	0	0.055	0	1.0
Locus638	set_104	4	600	600	600	83	0	0.041	1	1.0
Locus639	set_104	4	600	600	600	79	0	0.051	3	1.0
Locus640	set_104	4	600	600	600	77	0	0.052	NA	1.0
Locus641	set_104	4	600	600	600	79	0	0.035	2	1.0
Locus642	set_104	4	600	600	600	82	0	0.041	2	1.0
Locus643	set_104	4	600	600	600	86	0	0.054	2	1.0
Locus644	set_104	4	600	600	600	85	0	0.045	2	1.0
Locus645	set_104	4	600	600	600	77	0	0.063	1	1.0
Locus646	set_104	4	600	600	600	79	0	0.042	6	1.0
Locus647	set_104	4	600	600	600	87	0	0.048	4	1.0
Locus648	set_104	4	600	600	600	85	0	0.045	4	1.0
Locus649	set_104	4	600	600	600	80	0	0.035	5	1.0
Locus650	set_104	4	600	600	600	81	0	0.064	0	1.0
Locus651	set_104	4	600	600	600	84	0	0.040	2	1.0
Locus652	set_104	4	600	600	600	79	0	0.043	4	1.0
Locus653	set_104	4	600	600	600	79	0	0.050	2	1.0
Locus654	set_104	4	600	600	600	84	0	0.033	2	1.0
Locus655	set_104	4	600	600	600	85	0	0.049	4	1.0
Locus656	set_104	4	600	600	600	86	0	0.036	2	1.0
Locus657	set_104	4	600	600	600	83	0	0.044	6	1.0
Locus658	set_104	4	600	600	600	81	0	0.048	3	1.0
Locus659	set_104	4	600	600	600	84	0	0.042	3	1.0
Locus660	set_104	4	600	600	600	80	0	0.069	1	1.0
Locus661	set_104	4	600	600	600	76	0	0.048	1	1.0
Locus662	set_104	4	600	600	600	88	0	0.053	2	1.0
Locus663	set_104	4	600	600	600	82	0	0.057	3	1.0
Locus664	set_104	4	600	600	600	80	0	0.044	4	1.0
Locus665	set_104	4	600	600	600	85	0	0.046	5	1.0
Locus666	set_104	4	600	600	600	77	0	0.055	5	1.0
Locus667	set_104	4	600	600	600	83	0	0.043	3	1.0
Locus668	set_104	4	600	600	600	85	0	0.038	1	1.0
Locus669	set_104	4	600	600	600	84	0	0.043	3	1.0
Locus670	set_104	4	600	600	600	79	0	0.043	3	1.0
Locus671	set_104	4	600	600	600	76	0	0.054	3	1.0
Locus672	set_104	4	600	600	600	81	0	0.052	3	1.0
Locus673	set_104	4	600	600	600	87	0	0.047	4	1.0
Locus674	set_104	4	600	600	600	81	0	0.043	5	1.0
Locus675	set_104	4	600	600	600	77	0	0.044	7	1.0
Locus676	set_104	4	600	600	600	83	0	0.047	0	1.0
Locus677	set_104	4	600	600	600	83	0	0.040	8	1.0
Locus678	set_104	4	600	600	600	80	0	0.056	0	1.0
Locus679	set_104	4	600	600	600	84	0	0.054	2	1.0
Locus680	set_104	4	600	600	600	79	0	0.039	1	1.0
Locus681	set_104	4	600	600	600	77	0	0.060	2	1.0
Locus682	set_104	4	600	600	600	84	0	0.050	1	1.0
Locus683	set_104	4	600	600	600	78	0	0.045	3	1.0
Locus684	set_104	4	600	600	600	85	0	0.044	3	1.0
Locus685	set_104	4	600	600	600	83	0	0.043	4	1.0
Locus686	set_104	4	600	600	600	86	0	0.046	4	1.0
Locus687	set_104	4	600	600	600	76	0	0.051	6	1.0
Locus688	set_104	4	600	600	600	81	0	0.057	1	1.0
Locus689	set_104	4	600	600	600	83	0	0.055	0	1.0
Locus690	set_104	4	600	600	600	79	0	0.052	1	1.0
Locus691	set_104	4	600	600	600	84	0	0.036	1	1.0
Locus692	set_104	4	600	600	600	86	0	0.055	3	1.0
Locus693	set_104	4	600	600	600	84	0	0.047	NA	1.0
Locus694	set_104	4	600	600	600	82	0	0.063	0	1.0
Locus695	set_104	4	600	600	600	83	0	0.046	1	1.0
Locus696	set_104	4	600	600	600	79	0	0.049	2	1.0
Locus697	set_104	4	600	600	600	83	0	0.050	3	1.0
Locus698	set_104	4	600	600	600	87	0	0.036	3	1.0
Locus699	set_104	4	600	600	600	80	0	0.051	5	1.0
Locus700	set_104	4	600	600	600	81	0	0.059	0	1.0
Locus701	set_104	4	600	600	600	84	0	0.045	0	1.0
Locus702	set_104	4	600	600	600	85	0	0.046	3	1.0
Locus703	set_104	4	600	600	600	80	0	0.050	4	1.0
Locus704	set_104	4	600	600	600	81	0	0.049	4	1.0
Locus705	set_104	4	600	600	600	82	0	0.046	6	1.0
Locus706	set_104	4	600	600	600	83	0	0.056	2	1.0
Locus707	set_104	4	600	600	600	81	0	0.045	4	1.0
Locus708	set_104	4	600	600	600	79	0	0.040	5	1.0
Locus709	set_104	4	600	600	600	84	0	0.045	4	1.0
Locus710	set_104	4	600	600	600	84	0	0.045	2	1.0
Locus711	set_104	4	600	600	600	81	0	0.036	6	1.0
Locus712	set_104	4	600	600	600	81	0	0.054	1	1.0
Locus713	set_104	4	600	600	600	80	0	0.041	5	1.0
Locus714	set_104	4	600	600	600	80	0	0.061	1	1.0
Locus715	set_104	4	600	600	600	81	0	0.052	5	1.0
Locus716	set_104	4	600	600	600	86	0	0.054	5	1.0
Locus717	set_104	4	600	600	600	83	0	0.051	1	1.0
Locus718	set_104	4	600	600	600	80	0	0.051	5	1.0
Locus719	set_104	4	600	600	600	86	0	0.054	4	1.0
Locus720	set_104	4	600	600	600	81	0	0.050	0	1.0
Locus721	set_104	4	600	600	600	76	0	0.049	1	1.0
Locus722	set_104	4	600	600	600	78	0	0.053	3	1.0
Locus723	set_104	4	600	600	600	83	0	0.041	3	1.0
Locus724	set_104	4	600	600	600	82	0	0.049	1	1.0
Locus725	set_104	4	600	600	600	80	0	0.056	1	1.0
Locus726	set_104	4	600	600	600	79	0	0.059	2	1.0
Locus727	set_104	4	600	600	600	84	0	0.049	2	1.0
Locus728	set_104	4	600	600	600	83	0	0.051	1	1.0
Locus729	set_104	4	600	600	600	84	0	0.038	6	1.0
Locus730	set_104	4	600	600	600	83	0	0.050	3	1.0
Locus731	set_104	4	600	600	600	84	0	0.046	7	1.0
Locus732	set_104	4	600	600	600	84	0	0.042	4	1.0
Locus733	set_104	4	600	600	600	79	0	0.046	6	1.0
Locus734	set_104	4	600	600	600	86	0	0.044	4	1.0
Locus735	set_104	4	600	600	600	81	0	0.048	2	1.0
Locus736	set_104	4	600	600	600	80	0	0.049	3	1.0
Locus737	set_104	4	600	600	600	87	0	0.040	3	1.0
Locus738	set_104	4	600	600	600	85	0	0.049	1	1.0
Locus739	set_104	4	600	600	600	86	0	0.042	5	1.0
Locus740	set_104	4	600	600	600	84	0	0.053	4	1.0
Locus741	set_104	4	600	600	600	86	0	0.044	2	1.0
Locus742	set_104	4	600	600	600	85	0	0.045	2	1.0
Locus743	set_104	4	600	600	600	79	0	0.052	5	1.0
Locus744	set_104	4	600	600	600	83	0	0.068	0	1.0
Locus745	set_104	4	600	600	600	82	0	0.046	3	1.0
Locus746	set_104	4	600	600	600	81	0	0.051	3	1.0
Locus747	set_104	4	600	600	600	85	0	0.056	2	1.0
Locus748	set_104	4	600	600	600	82	0	0.050	1	1.0
Locus749	set_104	4	600	600	600	84	0	0.043	4	1.0
Locus750	set_104	4	600	600	600	81	0	0.060	4	1.0
Locus751	set_104	4	600	600	600	81	0	0.052	2	1.0
Locus752	set_104	4	600	600	600	83	0	0.049	5	1.0
Locus753	set_104	4	600	600	600	81	0	0.048	0	1.0
Locus754	set_104	4	600	600	600	82	0	0.039	5	1.0
Locus755	set_104	4	600	600	600	79	0	0.061	3	1.0
Locus756	set_104	4	600	600	600	79	0	0.045	2	1.0
Locus757	set_104	4	600	600	600	85	0	0.037	1	1.0
Locus758	set_104	4	600	600	600	81	0	0.051	0	1.0
Locus759	set_104	4	600	600	600	86	0	0.044	3	1.0
Locus760	set_104	4	600	600	600	81	0	0.047	0	1.0
Locus761	set_104	4	600	600	600	80	0	0.046	2	1.0
Locus762	set_104	4	600	600	600	82	0	0.045	4	1.0
Locus763	set_104	4	600	600	600	72	0	0.047	2	1.0
Locus764	set_104	4	600	600	600	83	0	0.046	1	1.0
Locus765	set_104	4	600	600	600	85	0	0.036	1	1.0
Locus766	set_104	4	600	600	600	85	0	0.058	3	1.0
Locus767	set_104	4	600	600	600	83	0	0.035	2	1.0
Locus768	set_104	4	600	600	600	80	0	0.037	2	1.0
Locus769	set_104	4	600	600	600	81	0	0.045	3	1.0
Locus770	set_104	4	600	600	600	74	0	0.063	0	1.0
Locus771	set_104	4	600	600	600	81	0	0.055	2	1.0
Locus772	set_104	4	600	600	600	86	0	0.044	1	1.0
Locus773	set_104	4	600	600	600	80	0	0.057	0	1.0
Locus774	set_104	4	600	600	600	82	0	0.050	2	1.0
Locus775	set_104	4	600	600	600	84	0	0.048	3	1.0
Locus776	set_104	4	600	600	600	77	0	0.052	3	1.0
Locus777	set_104	4	600	600	600	81	0	0.045	4	1.0
Locus778	set_104	4	600	600	600	83	0	0.043	3	1.0
Locus779	set_104	4	600	600	600	83	0	0.047	3	1.0
Locus780	set_104	4	600	600	600	79	0	0.049	2	1.0
Locus781	set_104	4	600	600	600	84	0	0.043	4	1.0
Locus782	set_104	4	600	600	600	82	0	0.047	2	1.0
Locus783	set_104	4	600	600	600	83	0	0.055	2	1.0
Locus784	set_104	4	600	600	600	82	0	0.054	1	1.0
Locus785	set_104	4	600	600	600	78	0	0.048	4	1.0
Locus786	set_104	4	600	600	600	85	0	0.039	2	1.0
Locus787	set_104	4	600	600	600	84	0	0.047	4	1.0
Locus788	set_104	4	600	600	600	85	0	0.040	5	1.0
Locus789	set_104	4	600	600	600	81	0	0.054	2	1.0
Locus790	set_104	4	600	600	600	81	0	0.059	4	1.0
Locus791	set_104	4	600	600	600	81	0	0.044	6	1.0
Locus792	set_104	4	600	600	600	85	0	0.043	4	1.0
Locus793	set_104	4	600	600	600	85	0	0.047	2	1.0
Locus794	set_104	4	600	600	600	87	0	0.049	0	1.0
Locus795	set_104	4	600	600	600	86	0	0.048	3	1.0
Locus796	set_104	4	600	600	600	84	0	0.058	NA	1.0
Locus797	set_104	4	600	600	600	78	0	0.041	4	1.0
Locus798	set_104	4	600	600	600	79	0	0.044	2	1.0
Locus799	set_104	4	600	600	600	85	0	0.042	2	1.0
Locus800	set_104	4	600	600	600	82	0	0.043	5	1.0
Locus801	set_104	4	600	600	600	84	0	0.046	3	1.0
Locus802	set_104	4	600	600	600	78	0	0.055	2	1.0
Locus803	set_104	4	600	600	600	80	0	0.053	1	1.0
Locus804	set_104	4	600	600	600	84	0	0.051	0	1.0
Locus805	set_104	4	600	600	600	83	0	0.039	6	1.0
Locus806	set_104	4	600	600	600	84	0	0.059	0	1.0
Locus807	set_104	4	600	600	600	80	0	0.046	4	1.0
Locus808	set_104	4	600	600	600	86	0	0.049	0	1.0
Locus809	set_104	4	600	600	600	83	0	0.062	NA	1.0
Locus810	set_104	4	600	600	600	84	0	0.043	2	1.0
Locus811	set_104	4	600	600	600	82	0	0.053	1	1.0
Locus812	set_104	4	600	600	600	79	0	0.060	2	1.0
Locus813	set_104	4	600	600	600	78	0	0.051	3	1.0
Locus814	set_104	4	600	600	600	82	0	0.046	5	1.0
Locus815	set_104	4	600	600	600	81	0	0.043	3	1.0
Locus816	set_104	4	600	600	600	77	0	0.049	2	1.0
Locus817	set_104	4	600	600	600	85	0	0.046	2	1.0
Locus818	set_104	4	600	600	600	84	0	0.036	7	1.0
Locus819	set_104	4	600	600	600	84	0	0.039	4	1.0
Locus820	set_104	4	600	600	600	86	0	0.046	2	1.0
Locus821	set_104	4	600	600	600	82	0	0.045	5	1.0
Locus822	set_104	4	600	600	600	80	0	0.064	1	1.0
Locus823	set_104	4	600	600	600	85	0	0.045	2	1.0
Locus824	set_104	4	600	600	600	81	0	0.037	4	1.0
Locus825	set_104	4	600	600	600	79	0	0.041	3	1.0
Locus826	set_104	4	600	600	600	81	0	0.048	6	1.0
Locus827	set_104	4	600	600	600	76	0	0.064	NA	1.0
Locus828	set_104	4	600	600	600	84	0	0.044	2	1.0
Locus829	set_104	4	600	600	600	85	0	0.053	4	1.0
Locus830	set_104	4	600	600	600	85	0	0.050	3	1.0
Locus831	set_104	4	600	600	600	80	0	0.046	5	1.0
Locus832	set_104	4	600	600	600	81	0	0.046	1	1.0
Locus833	set_104	4	600	600	600	85	0	0.046	2	1.0
Locus834	set_104	4	600	600	600	82	0	0.054	4	1.0
Locus835	set_104	4	600	600	600	84	0	0.053	1	1.0
Locus836	set_104	4	600	600	600	81	0	0.041	6	1.0
Locus837	set_104	4	600	600	600	85	0	0.043	4	1.0
Locus838	set_104	4	600	600	600	80	0	0.054	2	1.0
Locus839	set_104	4	600	600	600	83	0	0.063	0	1.0
Locus840	set_104	4	600	600	600	79	0	0.052	0	1.0
Locus841	set_104	4	600	600	600	85	0	0.043	3	1.0
Locus842	set_104	4	600	600	600	81	0	0.041	8	1.0
Locus843	set_104	4	600	600	600	82	0	0.048	5	1.0
Locus844	set_104	4	600	600	600	81	0	0.048	3	1.0
Locus845	set_104	4	600	600	600	86	0	0.060	1	1.0
Locus846	set_104	4	600	600	600	86	0	0.039	3	1.0
Locus847	set_104	4	600	600	600	82	0	0.049	6	1.0
Locus848	set_104	4	600	600	600	84	0	0.046	1	1.0
Locus849	set_104	4	600	600	600	84	0	0.051	4	1.0
Locus850	set_104	4	600	600	600	85	0	0.050	2	1.0
Locus851	set_104	4	600	600	600	85	0	0.046	1	1.0
Locus852	set_104	4	600	600	600	80	0	0.046	1	1.0
Locus853	set_104	4	600	600	600	82	0	0.045	3	1.0
Locus854	set_104	4	600	600	600	78	0	0.049	0	1.0
Locus855	set_104	4	600	600	600	81	0	0.031	1	1.0
Locus856	set_104	4	600	600	600	84	0	0.046	0	1.0
Locus857	set_104	4	600	600	600	82	0	0.051	1	1.0
Locus858	set_104	4	600	600	600	81	0	0.056	2	1.0
Locus859	set_104	4	600	600	600	79	0	0.059	0	1.0
Locus860	set_104	4	600	600	600	83	0	0.046	3	1.0
Locus861	set_104	4	600	600	600	85	0	0.049	3	1.0
Locus862	set_104	4	600	600	600	80	0	0.045	2	1.0
Locus863	set_104	4	600	600	600	83	0	0.044	3	1.0
Locus864	set_104	4	600	600	600	85	0	0.046	1	1.0
Locus865	set_104	4	600	600	600	85	0	0.045	3	1.0
Locus866	set_104	4	600	600	600	82	0	0.046	3	1.0
Locus867	set_104	4	600	600	600	87	0	0.051	0	1.0
Locus868	set_104	4	600	600	600	77	0	0.061	3	1.0
Locus869	set_104	4	600	600	600	81	0	0.045	0	1.0
Locus870	set_104	4	600	600	600	79	0	0.037	2	1.0
Locus871	set_104	4	600	600	600	82	0	0.046	0	1.0
Locus872	set_104	4	600	600	600	81	0	0.052	0	1.0
Locus873	set_104	4	600	600	600	82	0	0.043	2	1.0
Locus874	set_104	4	600	600	600	87	0	0.053	1	1.0
Locus875	set_104	4	600	600	600	82	0	0.053	3	1.0
Locus876	set_104	4	600	600	600	85	0	0.052	3	1.0
Locus877	set_104	4	600	600	600	82	0	0.058	2	1.0
Locus878	set_104	4	600	600	600	82	0	0.053	1	1.0
Locus879	set_104	4	600	600	600	83	0	0.042	2	1.0
Locus880	set_104	4	600	600	600	82	0	0.049	1	1.0
Locus881	set_104	4	600	600	600	85	0	0.047	3	1.0
Locus882	set_104	4	600	600	600	84	0	0.047	2	1.0
Locus883	set_104	4	600	600	600	77	0	0.057	4	1.0
Locus884	set_104	4	600	600	600	78	0	0.056	3	1.0
Locus885	set_104	4	600	600	600	81	0	0.045	2	1.0
Locus886	set_104	4	600	600	600	82	0	0.061	2	1.0
Locus887	set_104	4	600	600	600	79	0	0.042	4	1.0
Locus888	set_104	4	600	600	600	81	0	0.056	2	1.0
Locus889	set_104	4	600	600	600	82	0	0.044	5	1.0
Locus890	set_104	4	600	600	600	74	0	0.056	1	1.0
Locus891	set_104	4	600	600	600	82	0	0.044	2	1.0
Locus892	set_104	4	600	600	600	82	0	0.045	1	1.0
Locus893	set_104	4	600	600	600	80	0	0.055	2	1.0
Locus894	set_104	4	600	600	600	77	0	0.051	2	1.0
Locus895	set_104	4	600	600	600	80	0	0.046	3	1.0
Locus896	set_104	4	600	600	600	81	0	0.046	1	1.0
Locus897	set_104	4	600	600	600	79	0	0.059	2	1.0
Locus898	set_104	4	600	600	600	85	0	0.041	0	1.0
Locus899	set_104	4	600	600	600	78	0	0.058	2	1.0
Locus900	set_104	4	600	600	600	80	0	0.051	1	1.0
Locus901	set_104	4	600	600	600	86	0	0.045	2	1.0
Locus902	set_104	4	600	600	600	80	0	0.054	1	1.0
Locus903	set_104	4	600	600	600	84	0	0.059	1	1.0
Locus904	set_104	4	600	600	600	84	0	0.050	4	1.0
Locus905	set_104	4	600	600	600	83	0	0.038	7	1.0
Locus906	set_104	4	600	600	600	83	0	0.039	4	1.0
Locus907	set_104	4	600	600	600	86	0	0.049	3	1.0
Locus908	set_104	4	600	600	600	84	0	0.051	1	1.0
Locus909	set_104	4	600	600	600	80	0	0.052	1	1.0
Locus910	set_104	4	600	600	600	82	0	0.045	4	1.0
Locus911	set_104	4	600	600	600	80	0	0.053	5	1.0
Locus912	set_104	4	600	600	600	81	0	0.045	2	1.0
Locus913	set_104	4	600	600	600	83	0	0.047	2	1.0
Locus914	set_104	4	600	600	600	81	0	0.050	2	1.0
Locus915	set_104	4	600	600	600	83	0	0.051	1	1.0
Locus916	set_104	4	600	600	600	88	0	0.047	2	1.0
Locus917	set_104	4	600	600	600	82	0	0.055	2	1.0
Locus918	set_104	4	600	600	600	86	0	0.052	2	1.0
Locus919	set_104	4	600	600	600	83	0	0.054	1	1.0
Locus920	set_104	4	600	600	600	81	0	0.046	1	1.0
Locus921	set_104	4	600	600	600	80	0	0.055	4	1.0
Locus922	set_104	4	600	600	600	83	0	0.043	2	1.0
Locus923	set_104	4	600	600	600	82	0	0.067	0	1.0
Locus924	set_104	4	600	600	600	79	0	0.039	2	1.0
Locus925	set_104	4	600	600	600	82	0	0.057	2	1.0
Locus926	set_104	4	600	600	600	80	0	0.051	3	1.0
Locus927	set_104	4	600	600	600	79	0	0.047	NA	1.0
Locus928	set_104	4	600	600	600	78	0	0.059	0	1.0
Locus929	set_104	4	600	600	600	81	0	0.052	2	1.0
Locus930	set_104	4	600	600	600	83	0	0.049	3	1.0
Locus931	set_104	4	600	600	600	85	0	0.039	2	1.0
Locus932	set_104	4	600	600	600	82	0	0.045	5	1.0
Locus933	set_104	4	600	600	600	82	0	0.044	5	1.0
Locus934	set_104	4	600	600	600	86	0	0.047	1	1.0
Locus935	set_104	4	600	600	600	83	0	0.039	6	1.0
Locus936	set_104	4	600	600	600	81	0	0.057	NA	1.0
Locus937	set_104	4	600	600	600	86	0	0.038	1	1.0
Locus938	set_104	4	600	600	600	80	0	0.056	NA	1.0
Locus939	set_104	4	600	600	600	87	0	0.040	5	1.0
Locus940	set_104	4	600	600	600	85	0	0.047	2	1.0
Locus941	set_104	4	600	600	600	86	0	0.040	3	1.0
Locus942	set_104	4	600	600	600	77	0	0.050	5	1.0
Locus943	set_104	4	600	600	600	84	0	0.055	2	1.0
Locus944	set_104	4	600	600	600	79	0	0.050	1	1.0
Locus945	set_104	4	600	600	600	74	0	0.060	2	1.0
Locus946	set_104	4	600	600	600	84	0	0.059	2	1.0
Locus947	set_104	4	600	600	600	82	0	0.045	2	1.0
Locus948	set_104	4	600	600	600	82	0	0.045	2	1.0
Locus949	set_104	4	600	600	600	83	0	0.045	0	1.0
Locus950	set_104	4	600	600	600	82	0	0.056	2	1.0
Locus951	set_104	4	600	600	600	82	0	0.053	0	1.0
Locus952	set_104	4	600	600	600	82	0	0.045	3	1.0
Locus953	set_104	4	600	600	600	83	0	0.050	3	1.0
Locus954	set_104	4	600	600	600	82	0	0.055	1	1.0
Locus955	set_104	4	600	600	600	83	0	0.044	3	1.0
Locus956	set_104	4	600	600	600	85	0	0.051	5	1.0
Locus957	set_104	4	600	600	600	82	0	0.048	2	1.0
Locus958	set_104	4	600	600	600	79	0	0.048	4	1.0
Locus959	set_104	4	600	600	600	84	0	0.035	5	1.0
Locus960	set_104	4	600	600	600	81	0	0.054	3	1.0
Locus961	set_104	4	600	600	600	86	0	0.040	NA	1.0
Locus962	set_104	4	600	600	600	82	0	0.046	5	1.0
Locus963	set_104	4	600	600	600	79	0	0.033	4	1.0
Locus964	set_104	4	600	600	600	77	0	0.056	2	1.0
Locus965	set_104	4	600	600	600	76	0	0.064	1	1.0
Locus966	set_104	4	600	600	600	81	0	0.046	0	1.0
Locus967	set_104	4	600	600	600	81	0	0.055	2	1.0
Locus968	set_104	4	600	600	600	80	0	0.045	3	1.0
Locus969	set_104	4	600	600	600	77	0	0.058	1	1.0
Locus970	set_104	4	600	600	600	81	0	0.047	1	1.0
Locus971	set_104	4	600	600	600	85	0	0.052	3	1.0
Locus972	set_104	4	600	600	600	76	0	0.043	3	1.0
Locus973	set_104	4	600	600	600	80	0	0.051	0	1.0
Locus974	set_104	4	600	600	600	81	0	0.055	1	1.0
Locus975	set_104	4	600	600	600	77	0	0.041	2	1.0
Locus976	set_104	4	600	600	600	78	0	0.058	1	1.0
Locus977	set_104	4	600	600	600	84	0	0.058	4	1.0
Locus978	set_104	4	600	600	600	82	0	0.037	4	1.0
Locus979	set_104	4	600	600	600	84	0	0.059	2	1.0
Locus980	set_104	4	600	600	600	85	0	0.054	5	1.0
Locus981	set_104	4	600	600	600	84	0	0.054	3	1.0
Locus982	set_104	4	600	600	600	83	0	0.054	3	1.0
Locus983	set_104	4	600	600	600	85	0	0.057	1	1.0
Locus984	set_104	4	600	600	600	82	0	0.037	1	1.0
Locus985	set_104	4	600	600	600	72	0	0.048	1	1.0
Locus986	set_104	4	600	600	600	85	0	0.058	2	1.0
Locus987	set_104	4	600	600	600	83	0	0.048	3	1.0
Locus988	set_104	4	600	600	600	84	0	0.045	1	1.0
Locus989	set_104	4	600	600	600	83	0	0.044	2	1.0
Locus990	set_104	4	600	600	600	86	0	0.042	4	1.0
Locus991	set_104	4	600	600	600	82	0	0.041	1	1.0
Locus992	set_104	4	600	600	600	81	0	0.044	5	1.0
Locus993	set_104	4	600	600	600	85	0	0.049	NA	1.0
Locus994	set_104	4	600	600	600	78	0	0.053	3	1.0
Locus995	set_104	4	600	600	600	88	0	0.052	3	1.0
Locus996	set_104	4	600	600	600	86	0	0.050	0	1.0
Locus997	set_104	4	600	600	600	75	0	0.046	2	1.0
Locus998	set_104	4	600	600	600	85	0	0.049	2	1.0
Locus999	set_104	4	600	600	600	84	0	0.044	2	1.0
Locus1000	set_104	4	600	600	600	84	0	0.050	2	1.0
